122.00 375.00 363.00
190.00 340.00 359.00
380.00 345.00 341.00
193.00 380.00 372.00
217.00 422.00 419.00
222.00 381.00 388.00
244.00 409.00 408.00
210.00 367.00 383.00
200.00 357.00 386.00
183.00 296.00 355.00
181.00 358.00 314.00
159.00 376.00 382.00
140.00 350.00 321.00
153.00 373.00 353.00
122.00 366.00 368.00
144.00 383.00 383.00
136.00 299.00 313.00
212.00 327.00 364.00
173.00 297.00 327.00
173.00 298.00 372.00
242.00 332.00 328.00
207.00 367.00 360.00
395.00 403.00 409.00
220.00 336.00 312.00
301.00 298.00 296.00
323.00 387.00 366.00
229.00 273.00 321.00
296.00 331.00 289.00
230.00 341.00 245.00
237.00 307.00 326.00
272.00 356.00 164.00
405.00 381.00 409.00
353.00 360.00 375.00
235.00 21.00 123.00
251.00 298.00 258.00
252.00 347.00 321.00
312.00 365.00 373.00
241.00 347.00 317.00
321.00 368.00 383.00
258.00 384.00 371.00
0.00 316.00 278.00
6.00 364.00 381.00
4.00 312.00 309.00
5.00 285.00 2.00
0.00 247.00 268.00
0.00 267.00 271.00
0.00 253.00 300.00
6.00 312.00 328.00
146.00 332.00 322.00
5.00 198.00 257.00
196.00 290.00 20.00
240.00 389.00 140.00
192.00 399.00 98.00
195.00 356.00 9.00
275.00 417.00 4.00
214.00 412.00 9.00
189.00 378.00 9.00
162.00 283.00 227.00
290.00 417.00 4.00
130.00 380.00 4.00
434.00 422.00 432.00
281.00 382.00 368.00
299.00 366.00 327.00
365.00 380.00 322.00
328.00 409.00 387.00
265.00 351.00 300.00
270.00 341.00 309.00
220.00 340.00 277.00
311.00 410.00 366.00
387.00 393.00 6.00
369.00 486.00 472.00
272.00 276.00 318.00
298.00 346.00 355.00
155.00 283.00 302.00
156.00 322.00 237.00
256.00 350.00 306.00
177.00 358.00 276.00
224.00 381.00 284.00
163.00 264.00 245.00
250.00 300.00 335.00
206.00 332.00 276.00
222.00 343.00 7.00
197.00 352.00 184.00
207.00 277.00 250.00
256.00 384.00 392.00
262.00 386.00 222.00
161.00 235.00 229.00
178.00 312.00 217.00
226.00 267.00 291.00
170.00 256.00 332.00
327.00 349.00 375.00
345.00 374.00 379.00
281.00 356.00 352.00
333.00 340.00 372.00
338.00 306.00 358.00
193.00 303.00 348.00
261.00 353.00 368.00
222.00 366.00 354.00
384.00 349.00 351.00
401.00 371.00 390.00
271.00 375.00 280.00
187.00 73.00 203.00
89.00 13.00 287.00
141.00 32.00 9.00
215.00 10.00 72.00
150.00 243.00 197.00
134.00 193.00 16.00
122.00 15.00 18.00
158.00 41.00 16.00
247.00 217.00 10.00
372.00 298.00 330.00
321.00 299.00 267.00
301.00 250.00 193.00
290.00 239.00 289.00
336.00 253.00 92.00
263.00 96.00 7.00
350.00 306.00 263.00
364.00 275.00 286.00
355.00 343.00 338.00
323.00 238.00 281.00
295.00 392.00 399.00
280.00 426.00 414.00
269.00 417.00 384.00
265.00 373.00 359.00
237.00 407.00 404.00
231.00 379.00 389.00
227.00 378.00 384.00
346.00 454.00 454.00
237.00 426.00 431.00
234.00 423.00 391.00
303.00 292.00 244.00
236.00 338.00 259.00
256.00 372.00 248.00
314.00 340.00 266.00
252.00 293.00 100.00
269.00 284.00 212.00
307.00 343.00 290.00
298.00 325.00 272.00
346.00 382.00 322.00
362.00 330.00 288.00
165.00 373.00 377.00
188.00 329.00 31.00
194.00 341.00 33.00
168.00 228.00 15.00
219.00 374.00 51.00
289.00 416.00 420.00
233.00 351.00 39.00
154.00 358.00 347.00
177.00 357.00 49.00
194.00 242.00 31.00
443.00 436.00 441.00
348.00 2.00 0.00
354.00 339.00 4.00
360.00 382.00 373.00
435.00 415.00 408.00
371.00 365.00 349.00
374.00 373.00 289.00
385.00 378.00 382.00
356.00 314.00 263.00
375.00 377.00 366.00
370.00 375.00 336.00
360.00 328.00 277.00
369.00 306.00 247.00
349.00 244.00 4.00
317.00 205.00 4.00
361.00 2.00 0.00
346.00 308.00 0.00
347.00 280.00 200.00
344.00 320.00 326.00
328.00 319.00 4.00
256.00 388.00 417.00
179.00 248.00 332.00
427.00 2.00 5.00
122.00 100.00 284.00
193.00 284.00 284.00
137.00 298.00 22.00
134.00 271.00 347.00
227.00 82.00 8.00
142.00 270.00 270.00
158.00 10.00 282.00
392.00 392.00 374.00
253.00 362.00 302.00
388.00 374.00 193.00
235.00 284.00 109.00
313.00 347.00 262.00
293.00 307.00 257.00
262.00 273.00 0.00
293.00 351.00 29.00
322.00 276.00 8.00
260.00 340.00 288.00
373.00 26.00 343.00
384.00 202.00 365.00
372.00 5.00 303.00
304.00 324.00 314.00
317.00 39.00 324.00
390.00 224.00 361.00
355.00 182.00 10.00
355.00 6.00 5.00
385.00 387.00 379.00
331.00 89.00 16.00
188.00 301.00 331.00
53.00 182.00 190.00
59.00 28.00 210.00
65.00 162.00 165.00
139.00 197.00 229.00
96.00 4.00 225.00
104.00 29.00 204.00
0.00 206.00 235.00
97.00 38.00 224.00
224.00 305.00 244.00
402.00 18.00 338.00
411.00 158.00 16.00
123.00 79.00 6.00
400.00 13.00 13.00
368.00 14.00 11.00
374.00 120.00 11.00
235.00 82.00 7.00
148.00 16.00 8.00
374.00 126.00 11.00
343.00 8.00 4.00
171.00 292.00 226.00
90.00 237.00 232.00
83.00 220.00 59.00
141.00 183.00 217.00
116.00 197.00 171.00
114.00 146.00 175.00
111.00 190.00 170.00
50.00 211.00 184.00
111.00 191.00 232.00
111.00 218.00 225.00
157.00 318.00 338.00
2.00 315.00 248.00
135.00 0.00 0.00
169.00 274.00 300.00
95.00 316.00 251.00
189.00 301.00 281.00
84.00 248.00 269.00
215.00 395.00 325.00
205.00 376.00 271.00
2.00 306.00 277.00
472.00 463.00 463.00
482.00 477.00 476.00
454.00 448.00 404.00
389.00 71.00 0.00
424.00 360.00 273.00
504.00 493.00 10.00
449.00 391.00 4.00
478.00 467.00 440.00
420.00 10.00 4.00
498.00 489.00 7.00
110.00 310.00 279.00
50.00 90.00 2.00
89.00 107.00 202.00
138.00 248.00 243.00
147.00 182.00 270.00
118.00 212.00 279.00
85.00 181.00 259.00
163.00 273.00 130.00
113.00 303.00 289.00
134.00 203.00 227.00
205.00 149.00 319.00
274.00 113.00 367.00
169.00 0.00 277.00
244.00 218.00 218.00
217.00 318.00 306.00
216.00 256.00 155.00
239.00 315.00 363.00
229.00 225.00 326.00
234.00 243.00 329.00
219.00 181.00 263.00
281.00 344.00 4.00
131.00 6.00 7.00
19.00 326.00 4.00
56.00 326.00 4.00
12.00 288.00 4.00
73.00 4.00 6.00
87.00 1.00 248.00
123.00 250.00 4.00
170.00 273.00 4.00
120.00 8.00 3.00
371.00 0.00 0.00
372.00 146.00 10.00
363.00 4.00 10.00
401.00 10.00 10.00
380.00 250.00 10.00
351.00 4.00 159.00
372.00 7.00 314.00
381.00 269.00 193.00
411.00 395.00 211.00
380.00 181.00 239.00
189.00 327.00 304.00
266.00 393.00 378.00
278.00 377.00 388.00
182.00 351.00 371.00
209.00 378.00 378.00
195.00 352.00 372.00
186.00 325.00 347.00
275.00 378.00 364.00
215.00 408.00 422.00
179.00 321.00 307.00
