0.44 1.02
0.40 1.24
0.66 1.31
0.59 0.06
0.79 0.18
0.85 -0.06
0.54 1.23
0.69 0.10
-1.34 -1.45
1.10 0.10
0.92 1.07
0.78 1.04
0.48 1.03
0.84 1.11
0.93 1.12
-1.62 -1.19
-1.37 -1.29
-1.66 -1.44
0.63 1.21
-1.50 -1.42
0.64 0.26
-1.28 -1.34
0.83 1.03
0.94 1.18
0.84 0.10
0.53 1.25
0.76 0.18
0.82 0.16
0.83 -0.06
0.78 0.08
0.69 -0.02
0.68 0.26
0.59 0.19
0.67 1.23
-1.35 -1.28
0.74 1.04
1.09 0.28
0.57 0.03
0.67 1.37
-1.01 -1.25
0.68 -0.10
0.58 1.26
0.49 0.35
0.81 0.15
0.80 0.03
0.83 0.25
0.75 1.07
0.98 1.28
1.18 -0.01
-1.56 -1.25
-1.52 -1.25
0.75 1.14
-1.29 -1.29
0.74 -0.02
0.47 0.08
0.48 0.21
-1.46 -1.39
0.31 0.14
0.65 0.00
0.82 1.20
0.63 -0.02
-1.58 -1.34
0.55 0.13
0.90 0.23
0.67 1.35
0.67 0.01
0.67 1.01
0.95 0.27
0.78 0.31
-1.53 -1.29
-1.61 -1.03
0.79 1.23
0.61 1.08
-1.36 -1.13
0.49 1.09
0.90 0.02
0.58 -0.18
0.76 1.11
1.06 1.16
-1.50 -1.19
0.92 1.38
0.93 1.19
0.95 0.15
0.63 -0.09
0.92 1.39
0.76 1.05
-1.37 -1.14
0.76 -0.04
0.72 1.16
0.84 0.21
0.68 -0.00
0.49 0.07
0.65 0.10
0.83 0.30
0.66 -0.07
0.63 -0.01
0.50 1.19
-1.38 -1.20
-1.51 -1.08
-1.20 -1.15
0.82 1.02
-1.38 -1.26
0.47 1.23
0.85 1.10
0.82 0.03
0.70 0.06
0.46 1.04
-1.49 -1.27
0.82 1.32
-1.36 -1.19
-1.31 -0.98
1.11 1.15
0.45 0.07
0.90 0.02
-1.23 -1.28
0.84 0.23
0.73 1.22
0.66 1.07
-1.16 -1.30
0.41 1.10
0.62 1.19
1.05 0.10
0.42 0.10
0.58 -0.01
0.74 1.13
0.41 0.11
-1.39 -1.43
0.85 0.25
0.69 1.06
-1.46 -1.37
0.75 0.10
-1.33 -1.17
0.70 1.17
0.65 1.11
0.47 0.28
0.30 0.10
-1.36 -1.25
-1.18 -1.08
0.89 1.04
0.72 1.32
0.39 1.24
-1.50 -1.09
0.62 0.01
0.94 0.12
0.49 1.15
-1.34 -1.20
0.78 -0.04
-1.35 -1.27
0.86 0.06
0.59 0.21
1.18 -0.01
-1.36 -1.19
0.83 1.09
0.78 -0.03
0.82 1.16
0.72 0.05
0.54 1.16
0.86 -0.12
0.74 0.09
0.69 1.08
-1.35 -1.25
0.93 1.10
-1.32 -1.30
0.92 1.09
0.58 1.22
0.76 1.32
-1.31 -1.20
-1.58 -1.11
-1.22 -1.06
0.78 -0.21
0.78 1.06
-1.45 -1.31
0.72 1.20
-1.43 -1.42
0.73 1.17
0.64 0.06
-1.38 -1.15
-1.46 -1.31
1.02 1.19
0.63 -0.05
0.54 0.20
0.43 1.10
0.84 1.08
0.60 0.15
-1.18 -1.39
-1.55 -1.39
0.41 1.18
0.82 0.04
0.84 1.25
0.67 1.00
0.57 -0.05
0.65 1.33
0.41 0.04
0.74 1.03
0.52 1.12
0.85 -0.01
0.60 0.29
-1.33 -1.21
0.34 1.36
0.79 0.29
0.98 0.14
0.55 0.19
0.79 1.21
-1.56 -1.31
-1.49 -1.25
-1.62 -1.19
-1.47 -1.24
0.63 0.20
-1.45 -1.15
0.69 1.14
-1.53 -1.29
0.64 1.18
0.72 1.09
-1.44 -1.26
0.83 -0.22
0.52 -0.02
0.51 -0.00
-1.40 -1.21
-1.41 -0.98
-1.16 -1.42
0.58 1.43
-1.08 -1.08
0.68 1.09
0.70 0.03
0.75 -0.18
-1.34 -1.52
-1.45 -1.21
-1.57 -1.22
0.71 1.01
0.48 1.03
-1.44 -1.23
0.45 -0.03
0.78 0.27
0.78 1.27
-1.59 -1.41
-1.32 -1.30
0.64 -0.00
-1.50 -1.40
0.72 -0.03
0.70 -0.13
0.75 1.05
0.57 0.03
0.77 0.95
-1.18 -1.44
-1.38 -1.29
0.55 0.22
0.86 0.07
0.61 -0.16
-1.47 -1.25
-1.34 -1.41
0.89 0.12
0.80 1.24
0.72 1.09
0.73 0.09
-1.47 -1.15
-1.66 -1.16
0.72 1.35
0.63 0.99
0.61 1.46
0.54 0.15
-1.43 -1.36
-1.55 -1.45
-1.43 -1.19
-1.19 -1.06
0.69 -0.01
0.66 -0.03
-1.16 -1.18
0.49 1.16
0.92 1.19
0.91 0.08
0.53 0.07
0.59 0.17
0.77 0.17
-1.56 -1.59
0.72 0.17
-1.24 -1.44
0.55 0.14
0.93 0.01
0.68 1.31
0.51 0.17
0.65 1.22
0.49 1.09
0.69 0.18
-1.43 -1.35
0.67 1.15
0.86 1.14
0.63 1.24
0.34 1.11
0.36 0.24
-1.48 -1.21
1.02 -0.09
-1.33 -1.29
-1.37 -1.41
0.75 1.17
0.83 1.27
0.61 1.05
0.78 0.19
1.16 0.11
0.50 0.11
0.86 1.25
0.71 0.17
-1.53 -1.18
-1.34 -1.58
0.67 1.23
-1.32 -1.34
0.58 0.15
0.38 1.29
0.51 1.09
0.94 0.10
0.80 1.32
0.31 1.32
0.61 1.07
0.84 1.21
0.59 -0.07
-1.16 -1.24
-1.32 -1.14
-1.39 -1.01
-1.34 -1.42
0.98 0.15
-1.37 -1.18
0.76 0.23
0.57 1.11
-1.66 -1.21
0.80 0.07
0.92 1.30
-1.43 -1.21
0.77 1.02
0.57 1.10
0.75 1.09
0.76 1.20
0.67 0.02
-1.63 -1.16
-1.53 -1.44
0.67 1.35
0.52 0.08
-1.40 -1.34
0.79 0.13
0.89 -0.05
0.77 0.03
0.68 1.29
-1.51 -1.28
-1.26 -1.48
-1.33 -1.07
-1.28 -1.28
0.66 -0.03
0.89 1.30
0.59 0.00
-1.49 -1.34
0.46 0.10
-1.28 -1.23
0.90 1.20
-1.20 -1.26
0.31 1.26
-1.47 -1.41
0.75 0.16
1.06 0.01
-1.18 -1.25
0.49 -0.12
0.58 -0.06
-0.99 -1.31
0.54 0.13
-1.18 -1.01
0.98 -0.09
-1.51 -1.10
0.66 -0.18
0.75 -0.08
0.72 1.31
-1.16 -0.99
-1.14 -1.33
-1.55 -1.06
-1.26 -1.29
-1.54 -1.13
0.62 0.10
0.75 0.43
0.91 1.01
-1.49 -1.32
0.60 -0.03
-1.66 -1.18
0.57 0.96
-1.66 -0.97
0.60 1.21
0.38 1.22
-1.40 -1.11
0.69 0.05
0.44 0.25
-1.45 -1.37
0.63 1.42
0.70 1.33
0.49 0.28
0.79 1.27
-1.35 -1.37
0.67 -0.04
-1.41 -1.29
0.67 0.95
0.26 1.17
0.82 0.13
-1.31 -1.36
-1.07 -1.22
-1.34 -1.12
0.64 -0.12
-1.34 -1.05
-1.45 -1.24
0.65 1.12
-1.44 -1.22
0.97 1.03
0.71 1.12
0.79 1.04
0.64 1.04
0.79 1.39
0.67 -0.01
0.96 0.11
0.62 0.07
0.53 1.20
-1.43 -1.33
0.72 0.04
-1.14 -1.30
0.75 1.19
0.70 1.43
-1.36 -1.12
-1.32 -1.22
0.64 0.26
0.55 0.96
-1.45 -1.32
-1.62 -1.31
1.03 1.27
0.82 0.12
0.75 0.18
0.38 1.27
0.57 1.00
0.63 0.13
0.72 0.02
0.69 0.08
0.52 1.36
1.12 1.24
0.65 1.02
-1.42 -1.15
-1.01 -1.10
-1.23 -1.15
0.96 1.24
0.62 0.04
1.20 0.99
0.72 1.12
0.80 1.47
0.55 0.03
-1.30 -1.16
0.45 0.16
0.66 1.22
0.60 1.06
0.68 0.08
0.70 0.02
0.47 0.13
0.47 1.29
0.35 1.02
0.38 0.99
-1.18 -1.18
0.80 1.05
-1.51 -1.27
-1.59 -1.25
0.52 1.21
1.03 1.35
0.79 0.10
0.42 1.26
-1.24 -1.24
-1.62 -1.29
0.65 1.41
0.65 1.25
0.85 1.13
0.84 1.25
-1.43 -1.11
0.69 0.17
0.65 0.35
0.76 0.97
-1.41 -1.18
0.49 0.17
-1.71 -1.25
0.60 1.29
0.88 0.23
-1.29 -1.24
0.64 1.22
-1.51 -1.13
1.10 0.07
0.56 -0.09
0.82 1.19
0.69 0.04
0.85 1.13
-1.44 -1.32
0.55 0.03
0.91 1.16
0.73 1.20
-1.60 -1.36
0.67 0.07
0.91 1.04
-1.44 -1.45
-1.53 -1.28
0.60 0.15
0.83 1.23
0.92 1.35
0.85 1.25
0.79 0.02
0.70 1.10
-1.49 -0.99
0.48 -0.04
-1.32 -1.34
0.67 0.15
0.76 1.24
0.67 1.22
-1.35 -1.25
0.72 0.12
0.71 1.16
-1.61 -1.14
0.61 1.13
0.69 0.86
-1.47 -1.22
0.51 1.30
-1.11 -1.21
-1.14 -1.27
0.75 1.25
0.76 0.07
0.71 0.11
-1.40 -1.25
-1.43 -1.39
-1.49 -0.98
-1.52 -1.38
0.57 0.16
-1.29 -1.19
-1.54 -1.24
0.49 0.28
1.03 -0.03
-1.16 -1.43
0.48 0.03
0.50 1.22
0.78 -0.01
0.91 -0.04
0.75 0.05
-1.53 -1.34
0.55 0.22
0.80 0.13
-1.40 -0.97
-1.48 -1.12
-1.58 -1.38
0.70 -0.03
-1.40 -1.19
0.77 1.16
0.73 1.21
0.60 1.22
0.70 1.20
0.66 1.15
0.67 -0.09
0.78 1.02
0.98 1.30
0.84 1.21
0.64 0.24
0.35 0.14
0.67 -0.03
0.89 1.41
0.60 0.02
1.02 1.01
0.75 0.24
0.87 1.23
-1.46 -1.15
0.95 1.21
0.54 0.06
-1.23 -1.29
0.60 1.15
-1.24 -1.31
0.84 1.09
0.73 0.02
0.48 1.04
0.52 0.09
0.34 -0.09
-1.33 -1.49
0.58 1.28
0.59 0.19
-1.27 -1.33
0.88 1.01
-1.16 -1.31
-1.33 -1.15
-1.34 -1.26
-1.48 -1.20
-1.20 -1.24
-1.18 -1.20
-1.24 -1.24
-1.38 -1.20
0.84 1.34
0.64 1.54
-1.18 -1.38
0.71 1.28
-1.57 -1.17
-1.29 -1.10
0.50 1.22
-1.25 -0.97
-1.37 -1.37
0.75 0.05
-1.35 -1.36
0.61 -0.03
-1.68 -1.10
0.95 1.13
-1.18 -1.29
0.67 -0.01
0.59 1.27
-1.29 -1.23
0.91 1.16
-1.45 -1.29
-1.34 -1.17
0.57 0.19
-1.35 -1.33
-1.12 -1.46
0.70 -0.03
0.46 1.36
0.71 1.19
-1.28 -1.25
0.92 0.12
0.73 1.03
0.51 1.16
0.62 -0.18
0.35 1.08
0.40 1.15
-1.45 -1.50
0.54 1.13
-1.20 -1.30
0.59 1.36
0.97 1.14
0.56 -0.05
0.64 0.00
-1.17 -1.52
-1.04 -1.17
-1.12 -1.38
-1.56 -1.21
0.68 1.24
1.05 0.14
0.62 1.09
-1.37 -1.08
0.80 1.19
-1.23 -1.06
-1.21 -1.36
-1.52 -1.22
0.42 1.19
-1.31 -1.16
-1.50 -1.41
0.57 0.21
0.64 0.13
0.44 0.19
0.63 0.06
-1.16 -1.33
-1.25 -1.23
0.81 0.12
-1.72 -1.26
-1.56 -1.15
0.54 0.15
0.74 1.26
0.61 -0.14
0.49 0.07
0.79 0.99
0.92 1.09
-1.43 -1.29
0.63 -0.15
0.75 0.31
0.68 0.08
0.54 -0.06
0.55 -0.01
0.88 -0.09
-1.22 -1.26
-1.14 -1.09
0.58 0.16
-1.13 -1.26
0.74 -0.06
0.72 1.48
-1.41 -1.33
0.46 0.13
0.88 -0.01
-1.56 -1.13
0.45 -0.03
0.82 -0.04
0.43 1.32
-1.54 -1.45
0.79 1.10
0.75 0.29
-1.42 -1.40
0.68 0.07
0.77 1.10
0.68 0.12
-1.24 -1.16
0.62 1.20
0.83 1.36
0.40 0.15
0.84 1.01
0.67 1.08
-1.39 -1.18
0.52 1.09
0.69 1.26
0.54 1.20
0.77 -0.08
0.63 1.16
0.64 1.21
0.71 -0.15
0.40 1.22
-1.40 -1.32
0.69 -0.04
0.73 0.08
0.39 1.23
0.97 1.17
-1.31 -1.61
0.48 1.17
0.70 0.05
0.67 0.18
1.12 1.31
-1.41 -1.28
0.70 0.03
-1.23 -1.39
-1.45 -1.34
0.73 1.25
0.73 -0.04
-1.52 -1.21
0.54 0.02
-1.46 -1.08
-1.53 -1.27
0.32 1.47
-1.75 -1.23
0.68 1.42
0.53 1.41
-1.43 -1.32
-1.73 -1.07
0.87 0.21
-1.19 -1.14
0.72 -0.15
0.40 0.01
-1.42 -1.04
0.76 0.03
0.80 1.36
0.68 1.26
-1.54 -1.39
0.71 0.11
-1.65 -1.27
-1.28 -1.21
-1.40 -1.29
0.49 1.19
-1.42 -1.54
1.02 0.01
0.60 0.12
-1.23 -1.13
0.68 1.23
0.45 0.30
0.92 0.19
-1.48 -0.98
0.91 1.14
-1.36 -1.07
0.84 1.02
0.54 0.10
-1.31 -1.36
-1.38 -1.07
0.64 0.97
0.54 1.05
-1.21 -1.07
0.75 -0.14
0.92 1.49
0.68 1.24
0.62 -0.09
-1.55 -1.18
-1.72 -1.25
-1.50 -1.11
0.65 -0.11
0.64 0.04
0.72 1.00
0.69 1.14
0.71 1.28
0.71 0.07
0.67 1.32
0.66 0.01
0.77 1.15
-1.42 -1.36
0.79 1.32
-1.57 -1.36
-1.18 -1.07
0.48 1.16
-1.28 -1.37
0.44 0.06
0.88 0.05
0.85 0.09
-1.53 -1.20
0.53 -0.09
-1.16 -1.38
0.89 1.21
-1.47 -1.16
0.85 1.17
0.74 -0.02
0.52 0.07
-1.34 -1.08
-1.38 -1.35
0.61 0.98
-1.35 -1.19
-1.71 -1.35
-1.47 -1.45
0.64 1.11
0.54 1.11
-1.53 -0.99
1.14 0.09
-1.32 -1.11
0.53 0.30
-1.28 -1.33
-1.68 -1.40
0.64 1.19
-1.34 -1.28
0.68 1.28
0.64 1.07
-1.55 -1.42
0.71 1.38
0.68 1.20
-1.43 -1.40
0.56 0.16
-1.44 -1.37
0.85 1.40
0.52 0.08
0.62 0.09
0.54 1.10
0.48 0.22
-1.53 -1.39
0.63 0.03
-1.53 -1.20
-1.27 -1.07
0.92 1.05
0.94 1.14
-1.39 -1.11
-1.61 -1.17
-1.31 -1.15
0.85 1.16
0.75 1.12
1.02 1.14
0.62 1.07
-1.51 -1.52
0.75 0.21
0.74 1.08
0.76 1.29
0.73 1.32
0.62 1.07
0.52 1.14
-1.43 -1.40
1.00 1.32
-0.96 -1.53
-1.27 -1.41
0.59 -0.01
0.54 0.07
-1.58 -1.31
-1.41 -1.18
0.68 0.27
-1.35 -1.29
-1.29 -1.22
-1.25 -1.16
0.68 1.15
0.74 1.11
0.65 -0.01
-1.44 -1.29
0.80 1.09
0.87 0.09
0.52 0.26
-1.40 -1.32
0.66 0.00
-1.57 -1.01
0.48 1.20
-1.35 -1.05
0.48 0.81
0.83 1.29
-1.55 -1.42
0.58 1.24
-1.47 -1.17
0.62 -0.12
-1.30 -1.47
0.81 0.15
0.88 1.20
0.68 0.96
-1.39 -1.23
0.78 1.16
1.04 1.19
0.98 -0.15
-1.18 -1.31
-1.33 -1.09
-1.51 -1.40
-1.33 -1.37
0.63 1.09
0.95 0.09
0.78 -0.07
0.47 0.13
-1.46 -1.28
0.57 0.14
-1.14 -1.19
-1.41 -1.30
0.94 1.14
-1.42 -1.12
0.71 1.27
0.90 1.32
0.67 1.25
1.07 0.16
0.71 0.16
-1.03 -1.30
1.05 0.03
0.68 1.20
0.88 1.38
-1.59 -1.12
0.67 0.12
0.75 -0.27
-1.59 -1.03
0.92 1.05
0.43 1.11
0.46 0.12
-1.46 -1.50
0.56 0.92
0.56 0.11
0.64 0.94
-1.40 -1.22
0.60 0.02
0.46 1.24
0.48 0.23
-1.66 -1.22
-1.45 -1.26
-1.24 -1.50
0.86 1.22
0.91 1.29
0.72 -0.02
-1.55 -1.27
-1.29 -1.30
0.88 1.36
0.55 1.18
0.71 1.23
-1.41 -1.34
-1.33 -1.13
0.74 -0.16
0.66 1.01
0.68 -0.01
-1.75 -1.27
-1.42 -1.38
0.97 0.05
0.65 1.19
0.59 -0.00
-1.52 -1.10
0.84 1.14
0.94 1.29
0.85 0.17
-1.56 -1.16
0.70 0.18
0.56 1.12
-1.41 -0.96
0.82 0.08
-1.57 -1.29
0.57 0.10
-1.50 -1.43
0.78 1.00
0.31 1.31
0.79 1.22
0.77 1.17
0.71 -0.01
-1.11 -1.22
-1.64 -1.08
0.61 1.33
0.64 1.27
-1.14 -1.18
0.94 1.05
0.82 1.09
0.87 0.15
0.34 1.27
0.94 0.10
0.98 -0.02
0.72 1.34
0.56 1.00
0.85 0.08
0.68 1.28
-1.40 -1.24
-1.29 -1.24
0.75 1.07
0.38 1.13
-1.34 -1.21
0.77 1.43
0.76 0.02
-1.37 -1.17
-1.41 -1.28
0.61 0.99
0.74 1.20
0.59 1.14
0.51 0.16
-1.47 -1.20
-1.46 -1.16
0.55 0.13
0.66 1.15
0.62 1.27
-1.45 -1.27
-1.44 -1.27
0.52 1.29
-1.30 -1.26
-1.36 -1.23
0.78 1.19
-1.23 -1.06
0.57 -0.09
-1.79 -1.31
0.78 1.20
0.76 1.23
0.89 0.11
0.88 1.02
-1.57 -1.21
-1.42 -1.20
-1.54 -1.26
0.69 0.12
0.58 0.12
-1.38 -1.15
0.68 1.23
0.60 1.14
0.69 1.07
-1.60 -1.16
-1.18 -1.20
0.79 1.17
0.58 1.35
0.73 0.27
-1.19 -1.16
0.81 0.06
-1.43 -1.34
0.62 1.12
0.54 0.24
0.56 1.21
0.63 1.02
-1.53 -1.19
0.45 0.02
-1.45 -1.02
-1.67 -1.14
-1.19 -1.25
0.45 -0.05
0.55 1.10
0.44 -0.01
-1.34 -1.04
0.79 1.19
0.81 1.24
-1.50 -1.05
0.94 1.26
-1.36 -1.26
-1.30 -1.20
0.66 0.93
0.71 0.29
0.36 1.13
0.65 1.23
0.52 1.15
-1.25 -1.09
-1.58 -1.28
0.61 1.09
0.74 1.09
0.74 0.00
0.74 0.04
0.58 -0.17
0.64 -0.02
0.49 1.02
-1.46 -1.16
0.68 -0.14
0.80 -0.13
0.71 0.97
-1.51 -1.20
-1.29 -1.39
-1.48 -1.15
-1.57 -1.11
0.78 0.09
0.49 0.20
0.77 0.16
-1.46 -1.00
0.73 -0.07
0.67 0.10
0.81 -0.05
0.72 1.22
0.81 -0.04
0.78 1.08
-1.35 -1.30
-1.62 -1.11
0.47 -0.12
-1.15 -1.25
0.72 1.09
-1.70 -1.13
-1.32 -1.01
0.63 1.31
0.87 -0.28
-0.96 -1.14
-1.42 -1.29
0.87 -0.07
0.98 1.08
-1.55 -1.27
-1.33 -1.05
0.74 0.08
1.00 0.28
0.68 1.12
-1.53 -1.40
0.70 0.27
0.83 -0.01
-1.50 -1.29
0.65 0.04
0.66 1.31
-1.41 -1.11
0.69 1.20
0.71 -0.07
0.82 0.98
0.72 1.18
0.65 0.45
0.72 0.06
0.37 0.01
0.91 1.26
-1.24 -1.16
0.78 0.32
1.10 0.24
-1.16 -1.40
0.68 1.23
0.79 1.15
1.09 0.91
0.76 0.15
0.65 0.10
0.63 0.09
0.45 1.18
0.59 1.12
-1.36 -1.21
0.73 0.04
0.54 1.10
0.74 0.22
-1.29 -1.34
0.93 1.20
0.83 0.77
0.39 -0.05
-1.19 -1.45
0.87 1.14
-1.52 -1.31
-1.19 -1.30
-1.35 -1.20
0.91 0.23
0.57 1.33
0.69 1.21
0.73 -0.05
-0.86 -1.19
-1.29 -1.27
0.63 -0.03
0.84 1.09
-1.51 -1.16
0.84 -0.05
0.98 1.20
-1.47 -1.27
0.83 1.13
0.68 0.17
0.84 0.20
0.86 0.20
-1.28 -1.32
0.83 1.05
0.55 1.21
0.72 0.23
-1.49 -1.13
0.97 1.07
0.74 1.18
0.78 1.00
-1.38 -1.34
0.83 0.13
0.88 -0.05
0.72 -0.00
0.96 0.19
-1.36 -1.30
0.69 0.16
0.65 0.12
-1.24 -1.05
0.48 1.19
-1.41 -1.16
0.81 0.10
0.82 1.30
0.87 1.33
-1.24 -1.34
0.64 0.02
-1.44 -1.53
0.54 1.10
-1.41 -0.96
-1.55 -1.22
0.87 -0.05
-1.21 -1.16
0.79 0.01
0.71 0.16
-1.05 -1.27
0.81 1.18
-1.11 -1.54
-1.64 -1.40
-1.28 -1.42
0.58 0.03
-1.61 -1.24
0.70 -0.10
0.75 1.29
0.95 1.04
-1.46 -1.48
0.49 1.12
0.97 -0.12
-1.25 -1.23
0.71 1.14
1.12 -0.03
0.69 1.19
-1.36 -1.16
0.41 1.04
0.52 0.12
0.71 0.02
-1.31 -1.13
0.45 1.31
0.89 0.08
0.70 -0.06
0.36 -0.12
0.86 1.35
0.47 1.17
-1.58 -1.18
-1.26 -1.56
0.72 1.17
0.88 0.05
0.66 1.00
0.44 -0.04
0.88 1.18
0.83 1.13
0.61 1.14
0.89 0.23
0.93 1.21
0.72 1.26
0.56 -0.10
0.88 0.24
0.76 1.32
0.83 0.29
1.16 1.23
-1.46 -1.25
-1.59 -1.11
0.87 0.07
0.69 0.32
0.74 1.31
1.02 1.40
0.58 -0.04
-1.51 -1.34
0.64 1.16
-1.25 -1.38
0.63 0.12
-1.27 -1.30
0.65 1.16
0.73 -0.12
0.70 1.42
0.49 -0.03
-1.50 -1.34
0.65 -0.10
0.72 1.41
0.60 0.16
0.41 0.96
0.72 1.10
-1.42 -1.24
-1.31 -1.49
-1.18 -1.24
0.64 0.08
-1.17 -1.23
-1.58 -1.35
0.72 1.14
0.45 -0.11
0.56 0.01
0.43 0.04
0.51 1.41
0.87 0.97
-1.49 -1.22
-1.16 -1.09
0.79 0.12
-1.37 -1.30
-1.44 -1.28
0.19 1.31
0.74 -0.02
-1.64 -1.50
0.79 1.04
0.69 0.02
0.98 1.45
-1.54 -1.08
0.46 0.05
-1.40 -1.31
0.53 1.43
0.43 1.24
-1.55 -1.31
0.69 0.02
-1.36 -1.32
0.65 0.94
0.74 0.85
0.76 0.15
0.62 1.15
0.55 1.08
-1.68 -1.33
-1.38 -1.42
1.04 1.33
-1.26 -1.14
1.03 0.18
0.53 1.09
0.98 1.18
-1.47 -1.37
0.49 0.08
0.76 -0.12
-1.38 -1.14
-1.30 -1.12
0.44 0.10
0.60 -0.01
0.65 0.11
0.59 1.29
0.51 0.01
0.49 1.09
0.38 0.02
-1.60 -1.14
0.68 0.39
0.69 1.17
0.59 1.13
0.85 -0.06
-1.49 -1.41
-1.39 -1.24
0.49 1.18
-1.45 -1.18
0.99 0.16
-1.31 -1.27
-1.62 -1.31
0.64 0.40
0.90 0.24
-1.43 -1.27
0.76 0.15
0.79 0.30
0.50 1.17
0.69 1.30
0.61 -0.10
0.54 0.24
-1.24 -1.06
1.06 1.17
-1.39 -1.37
0.53 1.12
0.90 1.30
-1.53 -1.19
0.90 1.34
1.04 1.18
0.67 0.03
-1.14 -1.22
-1.56 -1.14
0.80 1.25
0.64 0.13
-1.41 -1.35
-1.49 -1.28
0.45 0.09
0.48 0.14
0.92 0.13
0.60 0.02
-1.65 -1.36
-1.49 -1.26
0.64 0.12
0.76 0.29
0.72 -0.02
0.68 0.02
0.57 0.31
0.73 -0.09
0.75 0.23
0.73 0.08
0.91 1.10
-1.82 -1.21
0.64 -0.08
0.53 -0.14
0.91 0.01
0.82 0.14
-1.44 -1.09
-1.16 -1.40
0.71 0.87
0.86 1.12
0.50 1.06
0.61 0.23
0.79 -0.08
0.62 0.03
0.72 1.12
0.96 1.26
0.66 0.16
-1.74 -1.32
0.68 0.02
0.41 0.02
-1.41 -1.24
0.78 1.28
-1.59 -1.15
-1.41 -1.22
-1.35 -1.28
-1.39 -1.16
0.69 0.10
0.88 0.02
-1.63 -1.31
0.70 1.05
0.72 0.39
0.72 0.04
-1.52 -1.34
-1.47 -1.30
0.64 0.15
-1.27 -1.23
-1.21 -1.23
-1.39 -1.48
0.71 0.06
0.57 -0.11
-1.53 -1.17
-1.41 -1.15
1.06 0.08
-1.50 -1.17
0.75 -0.09
-1.38 -1.45
-1.30 -1.18
0.59 -0.08
0.89 0.43
0.49 1.25
-1.33 -1.19
0.12 1.01
-1.63 -1.42
-1.26 -1.40
-1.30 -1.20
-1.38 -1.25
0.69 1.10
-1.13 -1.26
-1.14 -1.43
0.57 -0.12
0.79 0.22
0.60 -0.03
0.48 0.11
0.77 0.17
0.61 1.29
0.55 0.09
0.84 0.23
0.75 -0.06
-1.44 -1.43
0.69 0.18
0.71 0.97
-1.31 -1.73
0.59 1.24
0.84 1.14
-1.49 -1.11
-1.17 -1.25
-1.78 -1.11
0.48 0.13
0.85 0.21
0.62 0.07
0.35 0.08
0.72 1.13
-1.38 -1.12
0.85 0.26
-1.65 -1.11
-1.29 -1.13
0.58 0.10
0.82 1.50
0.92 0.31
0.44 1.22
0.49 1.05
0.72 0.04
0.67 1.28
0.64 0.17
0.71 0.13
1.11 1.19
0.76 1.22
0.56 1.05
0.77 1.37
0.67 0.04
0.90 1.25
0.40 -0.03
-1.27 -1.37
0.53 -0.05
-1.58 -1.25
0.41 1.22
0.76 1.35
-1.50 -1.28
-1.26 -1.18
0.86 1.02
-1.26 -1.37
0.67 0.11
0.69 1.11
-1.41 -1.21
0.89 1.08
0.82 1.15
0.83 0.10
0.71 -0.15
0.70 1.22
0.73 1.08
0.82 -0.15
0.44 0.01
-1.36 -1.33
0.57 1.50
0.45 0.12
0.60 0.21
0.46 -0.02
0.83 1.20
0.92 0.96
0.45 1.03
-1.62 -1.22
0.84 1.28
0.61 1.01
-1.53 -1.38
-1.35 -1.37
-1.56 -1.27
0.56 0.14
0.79 0.18
0.87 1.45
0.59 0.34
0.57 1.31
0.85 0.04
0.39 0.95
0.93 1.23
-1.52 -1.29
0.90 1.06
0.84 0.25
-1.30 -1.24
0.93 -0.13
-1.45 -1.13
-1.70 -1.37
0.69 1.46
0.68 0.26
0.78 0.06
0.44 1.05
-1.27 -1.22
0.75 1.35
-1.28 -1.23
-1.09 -1.18
