-0.00 -1.20
-0.77 1.35
0.25 0.83
-0.96 1.33
-0.46 -0.27
0.23 0.84
-1.28 1.27
0.19 -1.43
0.35 1.04
-0.07 1.17
-1.10 1.24
0.08 -1.34
1.23 -1.39
1.03 -1.22
0.59 -1.64
0.66 -0.57
-0.65 1.48
1.43 -0.85
-0.33 -0.77
0.56 -1.45
1.73 0.20
0.73 -1.61
-0.48 1.49
0.25 -1.51
-1.77 0.28
-0.03 -1.25
-0.36 1.41
-0.44 -0.46
1.72 0.39
0.16 1.00
0.66 -1.48
-0.75 1.61
-0.13 1.47
-0.78 1.39
0.90 -1.30
-1.70 -0.30
1.71 0.43
-0.43 -0.73
-0.06 -1.09
0.13 0.95
-1.62 0.53
-0.57 1.45
1.52 -0.50
1.70 0.13
0.45 -1.63
-0.56 1.54
1.68 -0.20
-0.04 1.26
-0.09 1.48
0.20 1.08
0.06 1.16
0.18 0.86
-0.38 -0.26
1.75 0.08
1.77 0.28
-1.39 1.11
0.26 -1.41
-1.79 0.08
0.05 0.92
-1.42 0.78
-0.67 1.59
-0.06 1.14
0.46 0.33
-0.23 -0.75
-0.18 -1.05
0.16 -1.36
-0.70 1.26
0.61 -0.44
1.15 -1.29
0.64 -1.49
-0.40 -0.22
0.23 0.97
-0.19 1.51
0.10 1.06
0.02 1.32
-0.59 0.60
-0.14 -0.93
-0.12 1.26
-0.48 0.31
0.50 0.00
-0.13 -0.93
-1.21 1.05
0.12 -1.46
-0.19 -0.94
1.58 -0.36
-0.30 -0.61
-0.78 1.53
0.11 -1.31
0.09 -1.22
1.79 -0.17
0.13 1.04
-0.56 1.39
0.51 0.06
-0.04 -1.30
1.26 -1.36
1.15 -1.27
1.41 -0.77
1.24 -1.08
-0.55 0.64
0.36 0.65
-0.51 0.04
1.52 -0.62
0.70 -1.42
-0.10 1.56
0.27 1.01
0.43 0.51
0.33 -1.45
0.53 -1.64
-0.70 1.41
-0.66 1.50
1.01 -1.43
1.43 -1.29
0.16 -1.51
-0.48 -0.51
-0.53 -0.32
1.24 -1.09
-0.81 1.63
0.57 -0.22
-0.20 -0.75
-0.27 1.54
-0.46 -0.64
1.34 -1.15
1.67 -0.24
0.56 -1.48
-0.39 -0.54
0.45 -1.64
1.34 -1.23
-1.50 0.81
-1.60 0.65
-0.35 -0.93
-0.07 -1.26
1.20 -1.10
0.33 0.80
-1.70 0.35
1.79 0.39
-0.46 -0.23
-1.61 0.53
-0.45 -0.20
-0.42 -0.71
1.26 -1.14
0.16 -1.11
-1.65 0.29
-0.07 -1.39
-0.41 -0.29
-1.63 0.36
0.53 -1.38
-0.83 1.49
0.35 -1.40
-1.77 -0.41
0.63 -0.09
1.51 -0.35
1.45 -0.52
0.46 0.66
-0.59 0.30
-1.52 0.39
-0.35 -0.86
1.40 -1.11
-1.69 -0.06
0.64 -1.69
0.01 1.28
0.06 1.14
-0.23 -0.90
1.14 -1.26
0.39 0.53
0.18 -1.36
0.85 -1.35
0.36 0.34
0.28 0.89
0.52 0.39
0.64 -0.25
0.02 1.29
1.46 -0.61
-0.34 -0.83
0.28 0.86
-0.27 1.38
-0.18 -1.03
1.12 -1.32
-1.16 1.22
1.63 -0.03
-0.57 -0.15
-1.21 0.85
0.54 -0.08
0.49 -0.28
0.71 -1.52
-0.10 1.58
-1.62 0.63
-0.43 1.47
-0.28 -0.85
1.78 -0.14
0.19 1.08
0.62 -0.41
-1.66 0.43
0.46 -1.68
-1.67 0.36
-0.61 1.52
-0.14 -1.21
-0.37 1.46
1.74 0.02
-1.05 1.29
0.93 -1.53
-1.80 -0.43
-1.42 1.12
1.63 -0.14
0.44 -1.41
0.41 0.33
-1.00 1.45
0.96 -1.29
-0.60 -0.15
-0.04 -1.19
-1.14 1.24
1.25 -1.18
0.21 -1.55
-1.07 1.19
1.78 -0.27
-0.60 -0.09
-0.53 0.37
1.05 -1.16
-0.30 -0.81
0.06 1.09
-0.09 1.37
0.57 0.13
-1.65 -0.05
0.54 -0.20
-0.15 1.27
1.69 0.06
1.02 -1.37
1.47 -0.67
0.90 -1.46
-0.95 1.39
-1.55 0.70
1.52 -0.20
-0.92 1.44
-0.25 -1.00
-0.53 1.25
-1.59 0.62
-0.04 -1.32
-1.75 -0.31
0.79 -1.52
0.65 -0.10
-0.59 1.48
-0.88 1.38
-0.03 1.28
-1.61 0.24
-1.69 -0.11
-0.48 0.11
-0.75 1.50
-0.42 -0.56
-0.18 -0.41
0.33 -1.56
1.45 -0.78
-0.14 1.42
-0.24 -0.88
-1.23 1.05
-0.67 0.03
-1.61 0.31
-1.42 0.88
-0.67 1.49
-0.16 -0.87
-0.05 -1.31
-0.38 1.48
0.28 -1.45
0.58 -0.02
-1.07 1.34
1.38 -1.13
1.65 0.25
0.50 0.41
1.77 0.64
0.55 -0.26
-0.04 -1.36
-1.27 1.01
-1.22 1.11
0.08 1.18
-0.11 -1.07
0.99 -1.42
-0.46 1.54
-1.60 0.58
-0.48 -0.73
-0.90 1.47
-0.03 1.36
-0.15 1.24
0.18 1.33
0.07 -1.21
0.58 -1.64
0.82 -1.41
1.14 -1.32
0.43 -0.19
1.54 -0.72
-0.54 0.08
-0.60 0.52
0.13 1.35
-0.54 0.43
0.29 0.88
0.11 0.94
-0.56 1.46
0.14 -1.28
1.69 -0.36
-1.51 0.51
1.76 0.30
-0.25 -0.85
-0.73 1.38
0.49 -1.66
0.23 -1.65
1.64 -0.28
-1.53 0.33
-0.14 -1.18
1.62 -0.44
-1.23 1.08
-1.76 -0.40
1.32 -0.77
0.35 0.59
-1.72 -0.18
-0.43 -0.22
-0.52 -0.49
-0.27 -0.84
0.49 0.03
-1.33 0.71
-0.74 1.46
0.51 0.67
-0.56 0.52
1.42 -0.94
1.45 -0.49
0.76 -1.46
-0.35 1.36
-1.65 0.27
-0.34 1.62
1.76 0.54
-1.48 0.62
1.66 -0.39
-0.47 -0.19
-0.15 1.45
0.67 -1.43
0.87 -1.43
-1.67 -0.34
-1.81 -0.15
-0.44 -0.25
-0.53 0.10
1.79 -0.19
-0.51 1.56
-0.55 0.05
-0.64 0.33
-0.37 -0.81
1.69 0.18
0.34 -1.37
0.05 1.09
0.61 -0.46
-1.58 0.66
0.52 -0.56
-0.62 -0.03
0.48 0.36
-0.12 1.25
1.29 -1.07
1.61 0.14
-0.41 1.32
0.38 0.42
0.08 1.10
-1.49 0.46
-1.18 1.03
-0.04 -1.37
0.54 -0.16
-0.20 1.49
-0.96 1.27
0.97 -1.42
-0.99 1.36
-0.83 1.36
-0.34 -0.59
-1.80 -0.09
-1.60 -0.02
0.26 0.64
1.74 0.31
0.70 -0.35
-1.64 -0.41
-0.11 1.34
0.47 -0.35
1.28 -1.06
0.66 -1.63
1.55 -0.56
-0.26 -0.93
0.48 -0.04
1.02 -1.33
1.57 0.29
-0.59 0.42
1.37 -0.87
-0.27 -0.99
-0.63 1.45
0.44 -1.57
0.46 -1.50
-0.60 -0.42
0.24 -1.29
-1.41 0.89
-0.15 1.33
0.49 0.21
0.34 -1.58
-1.68 -0.14
0.27 -1.57
-1.55 0.58
1.25 -1.01
0.43 -1.48
0.34 -1.50
-1.58 0.01
0.12 -1.18
-1.38 0.80
-1.15 1.29
-0.39 1.47
1.74 0.06
1.70 0.26
-1.50 0.44
1.69 -0.18
0.50 -1.59
0.50 -0.37
-1.44 0.58
-1.27 0.94
-1.70 -0.19
-0.64 1.48
1.38 -0.91
-1.51 0.69
0.56 0.02
0.47 0.26
-1.36 1.01
0.80 -1.64
1.36 -1.03
0.63 -1.37
-1.58 0.25
-1.28 1.14
1.32 -0.99
0.25 0.95
-0.56 0.35
-0.43 1.42
-1.13 1.33
0.65 -0.35
-1.47 0.75
0.61 -0.39
-1.75 -0.24
1.72 0.25
-0.02 1.32
0.17 0.94
-0.29 -0.66
0.90 -1.43
-1.33 1.05
0.17 -1.50
0.41 0.46
-1.71 0.16
0.64 -1.57
-1.13 1.51
-0.56 1.53
1.64 -0.41
0.59 -0.74
0.43 0.60
-1.20 1.30
-0.55 -0.41
-0.48 1.44
0.34 0.84
0.35 0.61
0.63 -0.11
-0.26 -0.93
-0.04 1.37
0.58 -1.57
-0.27 1.17
-0.53 1.30
0.03 -1.18
1.56 -0.74
1.74 0.18
0.52 -0.39
-1.68 0.61
-1.77 -0.15
1.68 0.06
0.05 -1.26
1.40 -0.85
1.67 -0.12
1.25 -1.12
0.45 -1.51
-0.56 1.43
0.59 -0.24
0.31 -1.53
-0.36 -0.74
-0.59 -0.03
0.39 0.25
1.70 0.60
1.58 -0.83
-0.63 -0.06
0.56 -0.24
1.13 -1.25
-1.29 1.07
0.14 1.09
-1.28 1.00
1.16 -1.28
0.54 -1.32
1.35 -1.04
1.80 -0.16
-0.12 1.53
0.13 1.10
-1.30 1.33
-0.48 -0.50
0.19 1.16
-0.10 1.35
-1.73 -0.61
1.78 0.51
0.27 -1.36
0.45 0.61
-1.49 0.79
1.17 -1.33
-1.54 0.58
-0.70 1.53
1.00 -1.61
-0.53 0.01
0.36 0.87
1.24 -1.03
-0.36 1.37
0.51 -1.45
-0.28 1.45
-0.43 1.50
0.32 -1.32
0.92 -1.43
-0.29 1.52
0.87 -1.53
0.57 -0.20
1.07 -1.26
-0.38 -0.43
0.37 -1.39
-0.29 -0.84
-0.54 0.40
-0.78 1.52
0.20 0.98
-1.47 0.88
1.75 0.19
-1.35 0.76
0.23 1.05
-0.43 1.44
-1.28 1.11
-1.31 1.07
1.31 -1.02
0.12 -1.25
0.55 -1.59
1.65 0.13
1.03 -1.11
-1.71 -0.05
1.51 -0.71
1.34 -1.09
-1.16 1.50
-1.03 1.17
1.16 -1.05
-0.92 1.37
0.62 -1.66
0.11 0.95
-1.48 0.93
-1.68 0.00
-0.59 1.34
0.40 0.74
0.11 -1.34
-1.70 0.43
0.80 -1.55
1.59 -0.50
1.64 -0.26
0.52 0.26
-0.11 -1.16
-0.47 -0.21
-0.96 1.28
-0.71 1.34
-0.12 -1.18
-1.64 0.12
0.40 0.36
-0.13 -1.06
1.70 0.20
-1.39 0.95
1.73 -0.28
-0.51 -0.28
0.42 0.91
-1.44 0.91
-0.52 0.00
-1.78 -0.08
1.63 -0.29
-0.56 -0.07
-1.05 1.30
-0.74 1.39
-0.06 -1.20
-1.72 -0.55
0.33 0.77
-0.50 0.48
-0.48 1.58
-0.10 -1.09
0.49 -0.29
0.21 -1.38
1.27 -0.78
-1.28 1.03
-0.65 1.65
1.63 -0.37
0.01 -1.10
-0.30 -0.89
0.73 -1.47
0.28 0.81
1.49 -0.91
1.24 -1.34
-0.77 1.38
-1.75 -0.04
0.58 -0.19
-0.48 -0.34
0.59 -0.41
1.52 -0.80
-1.71 -0.16
-1.39 0.94
-1.68 0.02
0.76 -1.43
-0.57 0.13
0.13 -1.47
0.41 0.55
-1.04 1.24
-1.64 -0.26
0.40 0.36
-0.59 0.27
-0.68 0.00
0.83 -1.58
0.26 0.79
-0.22 -0.87
0.72 -1.37
-1.61 0.43
0.51 0.18
-0.50 -0.17
0.37 -1.46
0.74 -1.50
-1.49 0.68
1.43 -0.73
-0.80 1.48
1.52 -0.48
-0.48 1.41
-1.20 1.06
-1.63 0.05
-0.36 1.45
-0.24 1.22
-0.89 1.43
-1.34 0.93
1.46 -0.88
-1.01 1.24
0.03 -1.30
-0.31 1.37
0.35 -1.39
-0.53 -0.03
0.69 -1.48
0.41 0.68
0.89 -1.25
1.30 -1.16
-0.72 0.50
-0.42 1.53
-0.29 -0.83
-0.56 0.63
-1.16 1.42
-1.26 1.01
-0.27 -0.92
-0.09 -1.20
-0.35 -0.69
-1.63 -0.03
0.44 0.40
-0.85 1.45
-1.47 0.78
-0.07 -1.05
-1.62 0.33
1.37 -1.07
-0.36 1.44
0.64 -0.15
0.22 0.93
-0.25 1.37
0.18 0.78
1.53 -0.88
0.34 -1.53
-0.16 -1.02
-0.46 -0.13
-0.03 -1.06
-0.31 1.52
1.49 -0.74
0.35 0.64
0.52 -0.02
0.16 -1.24
-0.22 -1.13
-0.58 0.40
1.51 0.21
0.59 -0.03
-1.50 0.42
0.29 -1.34
-0.29 -0.86
-0.43 0.01
-0.34 -0.86
-1.54 0.84
0.33 0.83
-0.60 0.24
-0.07 -1.21
-0.80 1.65
-0.51 0.05
-1.63 0.36
1.10 -1.09
-0.49 1.66
-1.13 1.37
1.46 -0.96
0.11 1.18
0.52 0.34
-0.43 1.53
0.14 -1.36
0.97 -1.44
0.17 0.90
0.40 -1.36
-0.26 1.17
-0.72 1.71
1.39 -0.87
0.99 -1.34
0.65 0.14
1.58 -0.03
0.22 -1.23
-1.13 1.27
-0.61 0.30
-1.63 0.44
0.71 -1.51
1.33 -0.95
1.59 0.06
0.47 0.33
-1.30 1.08
0.56 -0.16
-0.10 1.34
-0.60 1.35
0.45 -1.39
-0.62 -0.21
-1.61 0.34
-1.16 1.28
0.69 -1.50
-0.42 1.47
0.89 -1.40
0.53 -0.04
0.98 -1.45
0.31 0.83
1.53 -0.65
-0.46 -0.48
1.47 -0.50
-0.33 1.55
0.27 -1.44
0.73 -1.46
-0.47 1.35
1.36 -0.76
1.47 -0.64
-1.06 1.38
-1.66 0.30
0.65 0.03
1.64 0.05
1.29 -1.15
0.49 -1.48
-1.72 0.09
1.11 -1.37
-0.41 1.46
1.57 -0.69
-0.21 1.43
-0.59 0.24
1.51 -0.30
-1.39 1.16
-0.83 1.62
1.55 -0.64
1.32 -1.37
1.69 -0.31
-0.84 1.33
-0.87 1.58
0.52 0.22
-1.15 1.06
-0.59 -0.32
-0.42 -0.68
-0.13 -0.95
-0.41 1.35
-1.21 1.13
1.63 0.10
0.85 -1.49
0.35 0.63
0.07 1.21
1.80 0.66
-0.82 1.39
0.10 -1.40
-0.33 -0.88
-0.55 0.33
0.45 -1.52
1.82 0.28
-0.45 -0.65
-1.38 0.81
-0.45 1.50
0.54 0.32
-1.77 0.23
-1.70 -0.02
0.08 -1.41
1.19 -1.33
0.02 1.01
0.00 1.25
-0.69 0.52
-1.59 -0.01
1.22 -1.04
-0.26 -1.03
-1.17 1.30
-0.01 1.28
1.50 -0.92
-1.75 -0.35
0.31 0.71
0.24 0.70
-1.81 -0.36
0.45 -1.57
0.50 -1.43
1.62 -0.45
-0.96 1.55
-0.63 -0.12
1.63 -0.52
0.53 0.40
0.35 0.15
0.96 -1.45
-0.36 -0.60
-0.71 1.38
0.31 -1.45
0.54 0.41
0.49 -1.60
0.05 1.11
-1.23 1.26
1.80 0.25
-0.41 -0.74
0.13 1.29
0.49 0.51
-1.00 1.43
1.13 -1.03
1.38 -0.78
-0.57 0.31
-1.47 0.80
1.49 -0.70
0.66 -0.09
0.09 -1.25
-0.35 1.47
-1.56 0.81
-1.75 -0.54
-0.66 1.65
-1.15 1.09
-1.69 0.01
0.54 0.21
-1.53 0.79
-0.10 -1.09
1.13 -1.33
-0.30 1.58
0.45 0.68
1.70 -0.10
-1.72 -0.21
-0.01 1.25
1.66 0.15
0.06 1.46
1.44 -0.93
0.37 0.87
0.61 0.12
-1.78 -0.37
0.49 0.03
0.64 -0.50
1.29 -0.87
1.57 -0.49
-1.47 0.69
-1.47 0.95
-0.88 1.33
-0.58 -0.08
1.49 -0.66
-0.52 1.59
-0.25 -1.25
0.64 -0.50
-1.53 0.46
1.45 -0.79
-0.34 1.58
0.09 -1.42
-0.98 1.29
0.55 -1.52
-0.22 1.25
1.69 0.40
-1.67 0.51
0.29 -1.37
-0.77 1.38
-1.65 0.30
1.69 -0.02
-0.41 -0.45
-1.63 0.33
-0.10 1.35
0.73 -1.63
0.22 0.87
1.37 -0.74
0.46 0.22
-1.61 -0.28
0.12 1.16
-0.57 -0.43
-1.48 0.62
0.59 -0.63
-1.87 -0.44
-0.47 -0.77
-1.74 0.11
0.41 0.48
-0.39 -0.41
1.77 0.57
0.49 0.47
0.60 -1.43
1.06 -1.24
-0.49 -0.52
0.31 -1.32
1.45 -0.65
0.15 1.20
1.57 -0.70
0.39 0.65
0.41 0.25
1.71 0.09
-1.14 1.26
0.76 -1.51
0.37 0.77
1.24 -1.16
0.05 1.33
-0.44 -0.85
1.60 -0.33
-0.01 1.17
0.85 -1.59
0.52 0.13
-1.73 -0.35
-0.50 -0.51
-0.62 -0.09
1.40 -0.91
-1.47 0.61
0.04 -1.07
1.74 0.48
-0.55 1.64
1.56 -0.27
0.44 0.69
1.61 0.01
0.36 0.52
0.95 -1.49
-0.30 1.33
-0.39 1.42
-1.40 1.00
0.69 -1.48
0.94 -1.39
0.16 -1.42
0.24 -1.50
0.60 -0.17
-0.21 1.46
0.31 0.80
-0.91 1.33
0.42 -0.13
-1.48 0.95
-1.34 1.04
0.17 -1.37
1.35 -0.96
1.13 -1.26
-1.55 0.18
-0.65 1.52
-0.50 -0.45
1.09 -1.32
1.19 -1.12
-0.23 1.49
1.02 -1.51
-0.92 1.39
-1.14 1.22
-1.73 0.17
-1.53 0.94
-1.70 -0.19
-0.12 -1.25
0.69 -1.63
-0.89 1.48
-0.01 -1.34
-1.01 1.16
-0.00 -1.11
1.17 -1.12
-0.54 1.54
-0.69 1.55
0.62 -1.41
0.34 0.96
-1.33 0.65
-0.21 -0.97
0.38 0.63
-0.55 0.38
1.28 -0.92
-0.02 -1.04
0.94 -1.43
0.09 1.01
-0.57 -0.01
1.16 -1.17
-0.41 -0.54
-0.56 -0.06
-0.48 0.02
0.26 -1.37
-1.19 1.07
-0.94 1.55
-1.55 0.45
-0.83 1.69
-1.71 -0.04
0.31 0.81
0.52 -0.48
-1.56 0.55
0.61 -1.42
1.07 -1.46
1.50 -0.64
1.43 -1.25
-0.63 0.31
0.26 -1.82
1.64 -0.59
0.60 -1.41
0.31 0.74
0.50 0.50
-0.03 1.35
-0.19 1.30
1.40 -0.98
0.46 -0.05
-1.00 1.37
-0.33 -0.50
-0.47 -0.01
0.45 0.28
-1.13 1.34
1.75 -0.36
-1.51 0.38
-1.28 1.13
0.30 0.34
1.08 -1.19
-1.55 0.82
-1.78 -0.40
-0.60 0.06
-1.14 1.30
1.58 -0.38
-0.21 -0.96
-0.47 1.59
0.54 -0.45
0.40 -1.72
1.80 0.17
1.20 -1.13
0.43 -1.72
-0.11 -0.97
1.48 -0.76
-0.53 0.08
0.61 -0.13
0.02 -1.17
-1.61 0.20
0.60 -0.29
1.73 0.08
0.70 -1.44
1.01 -1.39
-1.84 -0.37
-0.60 0.30
-0.83 1.39
0.49 0.59
-0.83 1.34
0.50 -0.36
-0.19 1.41
1.06 -1.23
1.65 -0.50
1.53 -0.82
-1.41 0.91
0.79 -1.51
0.55 0.05
0.29 0.73
-1.59 0.39
0.53 -1.50
0.05 1.29
-0.59 0.17
1.79 0.12
-0.54 1.49
0.94 -1.19
1.53 -0.39
-0.56 -0.09
-0.21 1.44
1.68 -0.42
1.79 0.38
0.85 -1.57
-1.74 -0.23
-0.59 0.09
-1.61 0.27
-0.50 -0.51
0.28 -1.37
-1.66 -0.50
-0.94 1.50
-1.52 0.59
-0.24 1.34
-0.30 -0.57
-0.61 1.53
1.60 -0.60
-0.50 1.61
-1.52 0.58
1.16 -1.29
0.42 0.64
0.89 -1.32
0.38 0.74
1.36 -1.12
1.57 -0.54
-1.71 -0.06
1.05 -1.39
0.07 -1.24
1.20 -1.10
-0.26 1.35
0.39 -1.65
0.11 -1.35
-1.57 0.56
0.44 0.39
-1.83 -0.15
1.65 -0.31
0.35 -1.50
-1.68 0.01
-0.05 -1.03
1.44 -0.59
0.59 0.31
-0.48 -0.55
1.07 -1.36
-0.63 0.09
-0.24 -0.95
0.64 -1.47
-1.69 0.00
-1.17 1.35
-1.18 1.11
1.40 -0.91
1.02 -1.27
1.63 -0.33
-0.73 1.62
-1.71 -0.47
0.63 -1.58
0.31 -1.51
-1.56 0.38
-1.74 -0.19
-0.07 -1.18
-1.32 0.93
-0.40 -0.39
1.58 -0.14
0.87 -1.53
0.40 -1.58
-1.68 -0.17
-1.59 0.29
-0.90 1.49
-0.61 0.37
-1.61 0.23
-1.69 -0.34
-1.79 -0.18
-0.01 1.32
-0.24 -1.18
-0.91 1.39
-1.68 -0.45
0.45 0.45
-1.43 0.73
-0.90 1.39
0.08 -1.37
-0.40 1.24
0.85 -1.50
1.19 -1.03
-1.65 0.07
-1.42 0.89
1.66 0.45
-1.66 0.16
-0.24 1.50
-0.05 -1.27
-0.75 1.45
0.61 0.17
-0.39 -0.87
0.03 1.27
0.12 -1.38
1.62 -0.34
1.05 -1.31
-0.48 -0.50
-0.70 0.76
-1.68 -0.44
-0.27 1.26
-0.96 1.37
0.36 0.71
0.54 -1.45
0.59 -1.57
-0.60 0.32
-1.30 0.97
-1.57 0.68
0.04 1.20
-0.15 -0.99
0.71 -1.53
0.58 -0.07
-0.22 -0.87
1.69 -0.03
1.75 0.48
-1.35 1.11
-1.83 -0.22
1.11 -1.29
1.78 0.21
0.36 0.25
0.57 0.30
1.58 -0.62
-1.28 1.07
-1.14 1.36
-1.39 0.92
0.38 0.69
-0.09 1.37
-0.50 -0.57
-0.45 -0.57
-1.16 0.95
-0.63 0.43
-1.82 0.06
-0.25 1.47
-0.96 1.53
-0.42 -0.58
-1.55 0.65
-0.52 -0.08
1.73 0.37
1.18 -1.13
-1.56 0.89
-0.22 -0.78
0.12 -1.34
-0.60 1.43
0.57 -1.55
-0.51 0.01
1.67 -0.36
-0.21 -1.11
-1.78 -0.42
0.70 -1.38
-0.82 1.39
0.50 0.13
1.69 -0.04
0.26 0.85
-0.41 -0.61
-0.97 1.38
1.74 0.40
0.55 0.13
-0.23 -0.80
0.53 0.15
-1.05 1.43
0.28 0.86
1.43 -0.87
-0.21 -0.78
-0.68 1.43
-1.38 1.04
0.39 0.30
-1.77 0.13
1.55 -0.66
-0.11 -1.15
1.70 0.07
-0.19 -1.18
0.10 -1.25
-0.08 1.36
-1.59 0.19
-0.59 0.13
0.01 -0.99
-1.05 1.33
0.48 0.39
-1.06 1.31
0.71 -1.42
0.50 -1.57
0.39 0.75
-1.56 0.25
-1.63 0.26
-0.65 0.15
0.18 0.92
0.96 -1.41
-0.10 -1.13
-0.76 1.50
-0.32 -0.91
-1.23 1.17
0.61 -0.25
-0.33 -0.51
-0.27 -1.08
-0.52 1.48
-0.87 1.50
0.46 -0.41
0.66 -0.25
-0.07 -1.08
-0.42 -0.11
0.72 -1.47
-1.70 0.18
-0.51 -0.04
0.88 -1.49
1.54 -0.67
1.79 0.35
1.65 0.32
-0.22 1.41
-0.66 1.39
1.61 -0.11
0.56 0.17
-1.64 0.22
0.66 0.06
-0.53 0.20
0.86 -1.41
-0.26 1.52
-1.68 -0.55
-0.12 1.20
1.62 -0.03
0.40 0.48
-1.68 0.10
-0.09 1.29
1.65 0.11
-0.02 -1.10
-0.54 0.22
-1.77 -0.08
-0.34 -0.65
-0.36 -0.43
0.17 1.11
-1.30 0.93
0.27 0.83
-1.26 1.06
-0.25 1.43
0.35 -1.45
-0.58 1.57
-0.05 1.29
0.64 -1.46
0.84 -1.36
-1.07 1.36
1.53 0.01
0.51 -0.12
-1.16 1.17
-1.65 -0.18
-1.64 0.16
0.24 0.98
-1.28 1.04
0.87 -1.45
0.49 -1.51
-0.20 1.31
0.43 0.41
-0.64 0.34
-0.41 1.53
0.38 0.93
1.75 0.45
0.50 -1.43
1.78 0.60
1.62 -0.18
-1.65 0.31
-0.02 -1.21
1.71 0.19
-0.55 0.47
1.31 -1.09
1.65 -0.36
0.00 -1.07
1.64 -0.33
0.89 -1.51
-0.78 1.61
-0.05 1.18
0.09 1.34
0.48 -0.40
1.34 -1.06
0.50 0.12
-0.08 1.47
0.36 0.86
1.50 -0.96
1.56 -0.47
-0.90 1.36
-0.96 1.30
0.23 0.85
-1.25 1.01
1.05 -1.49
-0.24 1.31
1.74 0.28
1.62 0.26
-0.80 1.57
1.63 0.17
-1.16 1.34
-0.29 -0.75
-0.09 -1.07
-1.53 0.78
0.26 0.97
-0.21 1.34
-0.80 1.21
1.04 -1.32
-0.38 1.63
1.57 -0.47
-1.58 0.73
-1.07 1.26
-1.12 1.42
-0.58 0.49
-1.47 1.09
-0.50 -0.06
1.10 -1.15
1.10 -1.16
-1.18 1.22
0.76 -1.52
-0.34 -0.67
-0.05 1.12
0.15 1.17
-0.54 0.31
0.58 -0.63
0.78 -1.32
1.06 -1.23
-1.45 0.79
-1.64 -0.30
-0.21 1.42
-1.41 0.76
0.07 -1.34
0.76 -1.49
1.58 -0.13
-0.43 1.56
0.48 -1.42
0.54 -0.41
1.34 -1.09
0.64 -1.58
0.92 -1.47
0.59 -0.41
1.65 -0.09
0.17 -1.52
-0.35 -0.77
0.31 0.75
-0.88 1.34
0.47 -1.54
1.17 -1.14
-1.61 0.03
0.67 -1.45
0.37 0.53
-1.66 0.01
-0.43 -0.40
1.48 -0.79
0.29 0.53
-0.37 -0.49
-1.51 0.65
-0.84 1.41
-0.09 -1.12
-1.45 0.92
1.44 -0.83
-0.63 1.79
-0.46 -0.64
1.40 -0.81
-0.50 -0.72
-1.61 0.30
0.79 -1.54
1.62 -0.20
-0.69 1.52
-0.23 -1.13
-0.28 1.44
0.70 -0.09
0.31 0.64
0.50 -0.39
0.54 0.06
1.33 -1.00
-0.54 -0.16
-0.52 0.31
1.27 -1.19
-1.68 0.17
0.41 -1.53
1.44 -0.90
0.18 1.09
1.03 -1.37
1.76 0.31
0.10 1.12
0.46 -0.01
-0.32 -0.55
1.63 -0.35
-1.66 0.70
0.16 -1.28
0.79 -1.28
-0.23 -1.30
-0.50 -0.13
-0.07 1.12
-0.44 -0.33
-0.13 1.36
0.16 -1.26
-0.26 -0.91
1.70 -0.25
-0.42 -0.32
-0.63 1.64
0.05 1.26
0.40 0.32
-0.33 -0.31
0.47 -1.47
-0.00 1.39
-1.44 0.73
0.14 -1.16
-1.54 0.58
1.60 -0.84
1.62 -0.14
-1.01 1.41
-0.18 1.44
-0.66 0.29
-0.55 0.09
-1.32 0.94
1.66 -0.04
1.04 -1.31
-0.30 -0.98
0.63 -1.42
-0.35 1.49
-1.36 1.00
1.13 -1.21
1.15 -1.35
0.15 1.15
-1.55 -0.02
-0.37 -0.19
1.29 -0.96
-0.55 0.03
0.27 -1.53
1.45 -0.84
0.57 0.09
0.58 -0.40
-0.96 1.16
1.68 0.14
1.63 -0.35
1.47 -0.63
1.68 0.33
-1.54 0.60
-0.93 1.45
-0.51 1.62
1.66 -0.45
0.31 0.61
0.57 -0.37
-0.49 0.17
-1.30 1.12
-1.09 1.10
-1.06 1.35
-0.35 -1.08
-1.82 -0.24
0.50 0.28
1.49 -0.90
0.33 0.50
-0.30 1.32
-0.22 -0.87
1.03 -1.40
-1.35 0.96
0.46 -0.01
-0.48 -0.25
0.47 0.16
-0.03 1.23
1.58 -0.54
-1.07 1.12
1.62 -0.45
0.05 -1.23
-0.53 0.24
