-0.87 1.52
-0.99 1.60
-0.92 -0.29
-0.39 0.64
-0.24 0.67
1.15 -0.75
-1.06 0.41
-1.80 1.48
-0.32 -0.59
0.97 0.04
2.32 -2.34
1.20 -1.04
-0.74 0.08
1.25 -0.78
-0.91 0.37
0.34 -0.33
1.32 -0.71
1.33 -1.32
-0.78 0.06
-0.36 -0.26
-0.74 -0.16
1.52 -1.38
-0.92 0.33
-0.30 0.71
-0.22 -0.96
-0.73 1.26
1.96 -2.05
-0.34 0.70
1.48 -1.46
-0.46 -0.66
-0.58 0.83
-0.71 -0.30
-0.67 1.01
1.66 -1.24
1.44 -1.23
1.41 -1.00
1.51 -1.58
-0.63 1.14
1.18 -0.87
-1.01 0.54
-1.41 0.84
-0.65 0.01
-0.56 0.76
-0.80 1.21
1.16 -0.51
-0.45 -0.42
0.91 -0.44
-1.06 0.17
-0.54 0.76
-0.07 -0.02
-0.04 0.26
-0.62 1.23
-0.74 0.13
-0.96 0.09
-0.98 1.91
1.26 -1.03
-0.61 -0.20
-0.98 1.80
-0.23 0.42
-0.86 1.19
-0.27 0.58
-1.12 0.43
-0.32 1.16
1.74 -1.49
-0.28 0.78
-0.55 1.04
-0.72 -0.10
1.34 -0.84
-0.72 1.08
-0.34 0.98
-0.47 0.82
-0.81 1.23
-0.67 1.22
1.62 -1.59
-0.64 -0.10
-0.26 0.84
-0.41 1.04
0.60 0.19
1.40 -0.95
-0.55 1.04
-0.70 -0.09
-1.26 0.98
-0.30 0.41
0.97 -0.47
-0.88 0.34
1.30 -1.08
1.59 -1.25
-0.83 -0.02
-1.28 1.04
-1.11 0.62
2.10 -2.45
-1.35 2.19
1.36 -1.08
1.10 -0.41
-0.93 1.47
-1.17 1.83
1.58 -1.33
-0.33 0.90
-0.32 0.67
-1.39 1.08
1.26 -0.87
-0.08 -0.83
-1.11 0.40
-0.54 1.12
-0.73 -0.37
1.05 -0.82
-0.69 1.72
1.35 -1.18
-0.56 -0.45
-0.44 0.69
0.94 -0.54
-1.15 0.33
-0.66 -0.24
-0.61 -0.46
0.85 -0.05
0.18 -0.05
1.23 -0.93
-0.92 1.88
-0.45 0.94
-1.38 1.05
1.25 -0.93
-1.11 2.08
1.15 -0.54
-0.34 -0.50
-0.17 0.31
1.47 -1.11
-1.03 2.03
-0.23 0.40
1.79 -1.67
-1.34 0.79
-0.72 -0.34
1.77 -1.98
-0.07 -1.44
0.98 -0.43
-0.19 0.67
-0.74 1.41
-0.79 0.24
1.51 -1.29
0.94 -0.44
-0.81 1.30
-0.88 1.66
-0.72 1.50
-0.66 1.00
0.94 -0.18
-0.14 0.32
-0.93 0.51
1.75 -1.85
-0.50 1.04
-0.70 -0.33
1.19 -0.98
-0.08 0.07
-0.07 0.24
1.64 -1.57
-0.89 0.22
1.87 -1.74
1.63 -1.49
-0.77 0.10
1.70 -1.63
-0.55 -0.29
1.87 -1.79
1.56 -1.35
1.47 -1.52
1.37 -1.35
1.17 -0.80
-1.60 1.28
-0.62 -0.17
-0.29 0.93
-0.39 -0.95
-0.78 0.18
-0.88 1.51
-1.41 1.14
-0.58 0.13
-0.14 0.34
1.27 -0.78
-0.26 0.66
1.32 -1.07
-0.66 -0.08
-0.50 1.07
-0.59 0.95
-0.71 1.23
-1.39 1.82
-0.76 -0.16
1.08 -0.67
-0.17 0.43
-1.06 1.68
-0.97 1.52
-0.31 -0.65
-1.23 2.01
-0.18 0.74
0.05 0.15
1.60 -1.46
-0.47 0.98
-0.61 -0.08
-0.46 1.23
1.48 -1.35
-0.49 -0.42
1.45 -1.48
-0.70 1.30
-1.09 0.25
1.20 -0.92
-0.77 0.32
1.47 -1.40
-1.35 1.97
-0.48 -0.46
-0.52 -0.21
0.79 -0.07
-0.92 1.55
-0.66 -0.11
-1.24 0.43
-0.47 1.09
1.65 -1.37
0.99 -0.50
-0.75 1.09
-0.93 0.25
1.14 -0.54
-0.86 1.53
-0.98 1.86
-0.92 1.48
-0.54 -0.09
-0.43 0.47
1.14 -0.71
1.42 -1.28
-0.46 -0.68
1.38 -1.09
0.98 -0.49
-0.05 0.43
1.29 -1.00
-0.84 0.24
1.15 -0.71
1.81 -2.22
-0.59 0.81
-0.71 1.53
0.89 -0.70
-0.44 0.73
-0.16 0.57
-0.17 0.29
-0.61 -0.43
-0.46 -0.42
1.35 -1.04
-0.89 1.64
1.25 -0.77
-0.35 0.89
-0.19 0.40
-0.85 -0.05
-0.76 -0.10
1.47 -0.86
1.27 -0.98
-0.99 0.15
-0.77 1.61
1.22 -0.88
-0.80 -0.22
-0.82 -0.33
-0.79 0.19
-0.68 -0.27
-0.47 -0.60
-0.57 -0.69
-0.31 -0.70
-0.46 0.88
1.28 -1.28
-0.69 1.08
-0.49 -0.31
-0.33 0.71
-0.20 -0.97
1.18 -0.57
-0.36 -0.53
1.21 -0.97
-0.44 -0.76
-0.10 -0.81
-0.31 0.86
-0.14 0.28
-0.84 0.03
0.98 -0.46
-0.78 -0.29
1.46 -1.22
1.56 -1.13
-0.67 1.00
-0.44 0.85
-1.20 0.57
-0.27 -0.60
-0.87 1.24
-1.03 0.08
-0.72 -0.15
-0.39 -0.39
-0.79 1.73
-0.62 1.16
0.88 -0.58
-0.58 0.88
-0.36 0.83
-0.30 -0.74
-0.45 -0.28
-0.01 -0.19
-0.50 -0.32
1.60 -1.11
-0.82 1.60
-0.42 0.79
-1.04 0.37
-0.58 -0.04
-0.84 1.36
1.20 -0.75
-0.80 0.41
0.70 -0.05
-0.58 1.12
1.14 -0.79
-1.09 1.84
-0.75 1.29
-0.90 0.36
-0.23 -0.74
1.44 -0.92
-1.06 0.21
1.56 -1.58
0.16 -0.09
2.44 -2.82
-0.29 -0.74
-0.85 1.64
1.31 -1.11
1.30 -1.08
-0.97 0.45
1.52 -1.45
1.49 -1.39
1.42 -1.28
-0.88 0.13
-0.53 1.23
1.81 -1.82
-0.19 -1.01
1.00 -0.77
0.76 -0.02
-0.19 -0.90
1.49 -1.66
-1.13 0.57
-0.56 -0.23
0.74 -0.17
-0.22 0.67
-1.03 0.42
1.25 -1.14
-0.93 0.31
1.50 -1.20
-0.42 0.68
-0.32 0.63
1.49 -1.91
1.00 -0.78
-0.39 0.63
-0.53 -0.49
-0.85 0.15
1.92 -1.80
-1.21 0.80
-0.43 -0.58
-0.35 -0.38
-0.39 -0.55
-0.52 -0.17
-0.85 1.62
0.17 0.04
0.05 -0.16
0.09 -0.03
1.27 -1.19
-0.61 1.14
-1.05 0.16
1.41 -1.26
1.78 -1.66
-1.03 0.60
-0.68 1.33
-0.60 1.21
-0.89 0.22
-0.79 -0.03
-0.06 -1.17
-0.79 1.22
-0.61 1.31
0.90 -0.39
-0.95 0.62
1.43 -1.15
-0.85 0.11
-1.15 0.15
-0.86 0.16
1.40 -1.29
1.07 -0.71
-0.47 1.05
0.74 -0.12
-0.34 0.94
0.85 -0.16
1.70 -1.77
-1.37 0.80
0.92 -0.36
-0.39 -0.70
1.43 -1.23
1.39 -1.15
1.33 -0.71
1.16 -1.02
-0.55 0.92
0.11 -1.35
-0.19 0.44
-0.72 0.13
-0.55 -0.24
-0.68 1.04
1.37 -0.88
-0.23 -0.72
-1.31 0.96
1.24 -1.33
2.00 -1.69
1.05 -0.78
-0.96 1.44
-0.63 1.05
-0.67 -0.03
-0.44 -0.32
-0.68 0.02
-0.02 -1.43
1.13 -0.92
-0.83 0.03
-0.66 0.10
-1.11 0.41
-0.74 -0.24
-1.07 0.39
0.86 -0.35
-0.97 0.19
-1.19 2.22
-0.30 0.47
0.79 -0.23
-0.91 0.15
1.15 -0.80
1.51 -1.21
-0.83 1.20
-1.24 0.35
-1.02 0.22
0.76 -0.09
1.16 -1.18
-0.64 -0.13
1.12 -0.60
0.73 0.08
-0.41 -0.33
1.79 -1.72
1.03 -0.52
-0.81 1.46
-1.00 1.67
-0.43 0.66
1.32 -0.80
-0.33 -0.53
-0.32 1.04
1.73 -1.62
-0.84 -0.18
-0.78 1.42
-0.96 -0.02
-0.78 1.12
0.72 0.03
-1.12 0.66
-1.14 0.63
-0.92 0.41
0.16 0.14
-0.84 1.60
-0.85 0.41
1.16 -0.80
0.89 -0.28
1.30 -0.96
-1.20 1.97
-0.48 -0.65
-0.79 0.18
-0.31 -0.91
-0.73 1.47
-0.22 0.62
1.31 -0.86
-1.18 2.07
1.70 -1.42
1.36 -1.25
1.53 -1.57
-0.34 0.51
-0.70 -0.02
1.85 -1.91
-0.60 -0.33
-0.25 0.45
-0.35 0.66
0.69 -0.28
-0.62 1.02
1.09 -0.66
0.91 -0.82
1.30 -0.87
-0.74 1.12
-0.58 -0.27
-0.52 -0.50
0.04 0.10
0.85 -0.07
-0.77 1.60
1.74 -1.77
-0.45 0.93
-0.95 1.83
-0.85 0.18
-0.59 1.04
-1.10 0.73
-0.91 1.41
1.78 -1.67
-1.43 0.91
-1.01 0.56
-0.85 -0.02
-0.72 1.36
-1.07 0.26
-0.45 0.85
-0.58 -0.15
-0.64 -0.39
-0.82 -0.12
1.04 -0.32
1.29 -0.90
-0.49 -0.37
0.85 -0.12
2.02 -2.12
1.36 -1.45
-0.07 -0.72
-0.15 -0.90
-0.21 -0.82
-1.16 0.70
1.00 -0.42
-1.16 0.53
-0.24 0.47
-0.76 0.26
1.23 -0.87
-0.34 -0.66
0.06 0.02
-0.18 0.28
-0.90 0.41
-1.29 0.99
-0.39 0.53
1.60 -1.57
0.53 0.23
1.63 -1.41
-0.33 0.55
-0.43 -0.49
2.03 -2.49
1.22 -1.17
-0.11 0.40
-1.04 1.65
-1.41 1.00
-0.27 0.79
1.69 -1.24
0.95 -0.41
-0.82 1.33
0.78 -0.01
-1.01 2.10
1.54 -1.77
1.32 -1.04
-1.02 0.02
1.14 -0.60
-0.76 1.46
1.22 -0.79
0.37 -0.26
1.30 -0.92
-1.01 1.48
1.43 -0.98
-0.60 1.65
0.06 -1.11
-0.53 0.02
1.12 -0.95
-0.33 -0.42
-0.35 -0.53
-1.17 0.58
1.38 -1.18
0.25 0.06
-0.80 1.67
0.73 -0.04
1.15 -0.69
-0.84 0.05
-0.60 -0.18
-0.64 0.88
1.87 -1.61
-0.59 1.19
-0.52 0.86
-0.87 -0.03
-0.70 1.23
-1.22 0.59
-1.16 1.85
-0.35 -0.79
1.30 -0.76
1.49 -1.02
1.60 -1.03
-0.78 1.16
-1.33 0.58
1.46 -1.30
-0.86 0.22
1.01 -0.46
-0.71 1.36
-0.98 1.84
-1.05 0.44
-0.90 1.27
-0.96 1.67
1.60 -1.32
-1.14 0.79
-0.47 -0.32
0.87 -0.19
-1.30 0.33
-0.73 1.30
-0.54 -0.41
-0.11 0.88
-0.51 0.02
-0.76 1.51
1.44 -1.12
-0.39 -0.61
-0.54 -0.39
-0.49 0.93
-0.44 0.69
-1.08 0.58
1.43 -1.20
-0.73 0.12
-0.49 0.94
1.03 -0.47
-0.71 1.45
-0.43 -0.22
1.47 -1.56
-0.39 0.53
-0.49 -0.39
1.73 -1.72
-0.49 -0.13
-0.20 0.64
0.88 -0.52
1.00 -0.82
1.98 -1.84
1.23 -1.10
1.00 -0.63
-0.34 -0.53
1.27 -0.95
-0.61 -0.27
0.48 0.11
-0.55 -0.38
2.12 -2.37
-0.38 0.61
-1.08 1.75
1.81 -1.89
1.55 -1.33
-0.83 1.02
-1.01 1.47
-1.38 0.78
1.00 -0.74
-0.92 1.50
-1.68 1.31
-0.80 0.36
-0.21 -0.30
-0.39 -0.80
-0.77 0.01
0.87 -0.34
-1.05 1.47
-0.69 1.14
2.05 -1.94
0.13 -0.26
1.66 -1.63
-0.67 0.11
-0.53 0.96
-0.08 0.21
0.58 -0.30
-0.31 0.62
-1.14 2.03
-0.32 0.53
-0.04 0.16
0.03 -1.34
-1.04 1.87
-0.34 0.61
1.48 -0.99
-1.70 1.23
1.61 -1.13
-0.59 -0.37
1.26 -1.07
-0.66 1.38
-0.86 -0.08
-0.78 0.05
-0.99 1.45
-0.71 1.32
-1.24 0.49
0.62 -0.15
1.53 -1.59
1.47 -1.30
-0.50 -0.31
-0.21 0.36
-1.54 1.13
1.63 -1.33
-1.10 1.92
-0.38 -0.64
-1.03 0.50
-0.65 1.30
-0.94 1.31
0.08 -0.15
-0.50 1.06
-0.61 1.16
1.33 -1.37
-1.51 2.48
1.89 -1.81
-0.87 1.30
-0.91 1.53
-1.42 0.78
-0.28 0.53
1.15 -0.93
-1.26 2.25
1.40 -1.16
1.03 -0.74
-0.58 -0.17
0.79 -0.07
-0.09 -0.99
-1.15 1.79
-0.02 -0.99
1.80 -1.46
1.32 -0.97
-0.26 -0.76
-0.25 0.61
1.48 -0.97
-1.20 0.67
-1.26 0.59
-0.62 -0.16
-0.64 1.17
-1.07 0.48
1.05 -0.29
-0.64 1.25
1.31 -0.88
-0.96 0.32
1.35 -1.08
-1.39 1.02
-0.83 0.12
-0.30 -0.69
-1.02 0.59
-0.32 0.38
0.95 -0.57
-0.88 0.04
-1.00 1.41
-0.24 0.45
-0.41 -0.47
1.19 -0.76
-0.89 0.47
1.11 -0.60
-0.68 1.24
-0.76 1.15
-0.73 1.36
1.55 -1.30
-0.68 1.57
0.91 -0.36
1.24 -0.89
-0.84 -0.05
-1.08 0.56
-0.73 0.10
-0.44 0.97
-0.86 0.67
1.38 -1.21
-0.99 0.16
-0.40 0.95
-1.19 0.77
-0.08 0.42
-0.97 0.60
0.57 0.10
1.55 -1.24
-1.06 0.52
1.62 -1.46
-0.48 -0.33
0.68 -0.07
-1.47 2.71
-0.43 0.73
1.65 -1.74
-0.64 0.97
1.08 -0.89
-0.75 -0.28
-0.06 0.51
-0.31 0.57
-0.07 0.16
-0.37 0.79
-0.73 -0.09
1.06 -0.41
1.52 -1.46
1.57 -1.39
1.09 -0.55
1.73 -1.35
1.00 -0.57
-1.30 0.55
-1.44 2.69
-0.57 0.99
-0.77 -0.27
1.52 -1.34
-0.16 0.73
-0.20 0.17
-1.11 1.71
1.59 -1.19
-0.82 1.34
-0.87 0.21
1.61 -1.36
1.60 -1.46
-0.36 0.75
-0.66 1.06
1.71 -1.24
1.25 -0.90
-1.59 1.18
-0.53 -0.09
1.17 -0.87
1.88 -1.64
-0.96 0.14
-0.79 1.47
-0.58 0.89
-0.86 1.37
-0.44 0.94
-0.69 -0.34
-0.88 1.50
1.44 -1.24
-1.23 0.54
-0.76 -0.10
0.15 0.01
1.81 -1.77
-0.50 -0.05
-0.75 0.94
-0.62 0.80
1.18 -1.07
-0.48 0.82
-0.97 0.47
-0.30 0.92
-0.43 -0.28
0.95 -0.60
1.15 -0.75
-1.08 1.91
-0.53 0.79
-0.85 1.41
-0.42 0.69
1.36 -0.83
1.64 -1.78
-0.67 1.33
-0.85 0.26
1.76 -1.90
1.21 -0.91
-0.31 0.75
1.61 -1.33
0.16 -0.07
-0.19 -0.78
-0.51 0.73
-1.13 0.51
-0.72 1.20
-0.95 1.67
-0.79 1.18
-0.86 1.38
1.14 -1.13
1.91 -1.80
1.71 -1.51
-0.44 0.80
1.12 -0.66
1.50 -1.37
-0.99 0.65
0.26 -0.28
-0.69 -0.22
1.11 -0.64
-0.63 1.09
-0.09 0.22
-0.28 -0.74
1.01 -0.97
1.16 -0.67
-0.83 1.51
1.92 -2.13
-0.83 -0.25
1.67 -1.65
-0.33 -0.55
-0.74 -0.08
2.21 -2.27
1.33 -1.23
-1.00 1.75
-0.75 1.41
-0.48 0.69
-0.89 0.23
-1.16 0.24
-0.38 0.53
-0.40 0.88
-0.55 -0.28
-0.29 0.44
1.18 -1.03
0.66 -0.01
-0.84 0.40
-0.64 1.19
-0.74 0.07
-0.40 -0.68
-0.89 0.47
-0.48 -0.54
-0.64 1.42
-0.10 -0.56
-0.74 -0.17
1.20 -0.82
-0.51 0.94
-0.16 -1.20
-0.43 1.16
-0.75 -0.16
1.23 -0.76
-0.41 -1.16
-1.67 1.35
0.99 -0.64
1.83 -1.57
1.25 -0.98
1.69 -1.57
-0.58 1.33
1.53 -1.69
-0.95 0.42
-0.36 0.47
-1.35 1.12
-0.17 0.54
1.57 -1.20
-1.06 0.46
-0.98 0.23
-0.96 0.83
-0.87 1.43
-0.44 -0.89
-0.13 -0.86
-0.75 1.37
-0.37 0.91
1.37 -1.08
1.50 -1.14
1.20 -0.64
-0.31 0.67
-1.17 1.01
-0.51 0.62
-1.02 1.85
-0.58 -0.29
1.10 -0.98
1.34 -1.00
-0.85 0.42
-0.90 1.61
-2.03 1.99
0.83 -0.10
2.35 -2.71
-0.59 1.00
-0.38 -0.68
-0.65 -0.24
0.95 -0.26
1.43 -1.12
1.32 -1.36
1.05 -0.77
-1.41 2.51
-1.04 1.99
1.04 -0.47
-0.30 0.57
1.08 -0.62
-0.65 1.27
-0.69 -0.01
-0.38 1.23
1.55 -1.51
-0.68 1.30
1.12 -0.77
-0.48 0.84
-0.71 1.35
-1.13 0.34
-1.36 0.66
-0.84 -0.08
0.88 -0.60
-0.16 0.66
0.24 -0.16
1.69 -1.70
-0.42 -0.58
1.04 -0.49
-0.31 0.52
-0.57 -0.48
0.84 -0.32
0.07 0.16
1.18 -0.80
-0.58 -0.34
-0.86 0.16
1.40 -1.41
-0.79 -0.20
-0.04 0.19
-0.06 0.45
-0.88 1.90
1.37 -1.20
1.01 -0.15
1.49 -1.16
1.18 -0.81
1.40 -1.42
1.83 -1.71
1.38 -1.19
-0.92 0.43
-0.30 -0.39
-1.02 0.46
-1.28 0.82
-0.63 -0.26
1.19 -0.99
0.95 -0.47
0.84 -0.28
1.21 -1.07
2.03 -2.01
-0.31 0.84
-0.81 -0.09
-0.01 -0.00
0.27 -0.06
1.34 -1.19
-1.32 0.75
1.37 -1.44
-0.95 0.56
-0.94 0.30
-0.20 0.35
-0.67 1.16
-0.32 -0.80
1.59 -1.53
-1.11 0.42
-0.81 0.25
-0.40 0.98
1.71 -1.77
-0.86 0.06
1.59 -1.22
-1.07 1.63
-0.64 -0.42
-1.53 2.04
-1.31 2.36
-1.10 1.77
1.63 -1.36
-1.25 0.62
1.72 -1.36
-0.30 -0.77
-0.26 -0.85
-0.35 0.64
-0.19 0.63
1.20 -0.69
-0.77 1.27
0.85 -0.02
-0.58 -0.81
-0.86 0.21
1.39 -0.94
-0.71 -0.03
1.52 -1.40
-0.23 0.20
1.65 -1.38
1.24 -0.88
-1.01 0.25
-0.59 -0.21
2.10 -2.18
-0.18 0.29
0.91 -0.04
1.01 -0.40
1.11 -0.60
-0.47 1.08
-0.60 1.53
-0.93 1.58
-0.94 0.23
1.28 -0.94
1.07 -0.87
1.39 -1.20
-1.16 0.89
0.01 0.37
-0.29 0.35
-0.45 1.16
1.35 -1.22
-0.96 1.42
-0.52 0.98
-0.97 1.99
-1.02 0.27
-1.46 0.97
-0.78 1.19
-0.54 1.04
-0.60 -0.52
-0.38 0.51
-0.68 0.10
-1.52 1.25
-1.11 1.50
-0.93 1.38
-1.60 2.49
1.58 -1.31
-0.59 1.31
-0.90 0.17
-0.35 0.75
-0.92 0.36
-0.49 -0.35
0.74 0.10
-0.86 -0.09
-0.71 -0.10
-0.51 1.11
1.06 -0.68
1.84 -1.95
1.64 -1.82
-0.86 0.33
-0.76 1.50
1.51 -1.52
-0.64 1.14
0.04 0.27
-0.85 0.18
-0.49 -0.40
1.60 -1.58
-0.03 -0.99
1.44 -0.96
-1.02 0.34
-0.12 -0.85
0.33 -0.08
1.43 -1.13
-0.19 0.61
-0.75 -0.19
-0.57 0.91
1.13 -0.79
1.48 -1.55
1.27 -1.04
-0.14 0.48
-0.47 1.02
1.71 -1.81
-0.06 -0.77
-0.48 0.77
-0.64 -0.19
1.37 -1.13
-0.92 0.41
-0.47 1.03
-0.53 0.94
-0.87 0.16
-0.56 1.02
-0.69 -0.11
-0.04 0.11
0.92 -0.24
-0.25 0.64
1.70 -1.59
-0.56 0.86
1.64 -1.32
-1.16 0.73
-0.59 1.07
-0.32 0.82
-0.82 1.22
-0.96 -0.03
0.95 -0.47
1.21 -0.91
0.00 0.08
-1.53 1.26
1.55 -1.33
-0.46 0.97
-1.59 1.31
1.53 -1.54
-0.92 0.23
1.47 -1.29
-0.08 0.30
1.13 -0.56
1.08 -0.31
-0.26 0.66
0.51 0.20
1.35 -0.87
-0.12 0.33
1.84 -1.85
-1.11 0.71
-1.11 0.66
1.54 -1.31
1.13 -0.84
0.91 -0.60
-0.14 0.49
-1.55 1.06
1.52 -1.23
-1.19 1.45
0.66 -0.49
-1.17 0.54
-0.47 0.85
1.32 -1.06
1.90 -1.94
-1.38 1.15
-0.19 0.49
-1.52 1.12
-0.26 0.54
-0.87 1.35
-0.30 -0.33
-0.60 1.26
1.64 -1.39
-1.37 0.77
-0.84 0.27
1.06 -0.84
1.29 -1.58
1.19 -0.94
0.54 0.06
-0.91 0.46
-0.57 -0.10
-0.76 -0.04
1.06 -0.46
-0.24 0.46
-0.96 0.30
-1.10 0.69
0.87 -0.58
-0.83 1.22
0.55 0.29
-0.86 0.08
-1.21 0.51
-0.19 -0.76
1.57 -1.24
-0.46 -0.16
-0.85 1.25
-1.61 1.26
-0.28 -0.98
-0.42 -0.27
-0.80 -0.05
-0.39 0.45
-0.58 0.94
1.64 -1.54
0.92 -0.46
-1.28 0.99
-0.73 0.03
-0.44 0.69
1.20 -1.43
-0.63 -0.36
-0.71 1.15
1.30 -1.02
-0.89 0.00
1.76 -1.56
-0.86 0.93
-0.53 -0.14
-0.37 0.53
-0.53 0.62
-0.66 -0.02
0.85 -0.40
-1.03 1.90
0.79 -0.06
-0.55 0.07
0.05 0.35
1.41 -1.04
0.88 -0.34
1.13 -0.83
-0.87 1.45
-0.61 1.06
-0.82 1.38
0.67 -0.25
-0.46 -0.50
-0.51 0.82
-0.47 0.95
-0.78 0.11
-1.10 0.28
-0.95 1.60
-0.65 1.35
-0.74 1.20
-0.79 1.64
-0.46 -0.19
1.58 -1.75
-0.07 0.22
0.06 0.28
1.34 -1.08
-1.06 1.69
-0.49 1.05
1.39 -0.86
-1.08 0.49
-0.93 0.21
-0.98 0.47
1.68 -1.46
-0.47 -0.34
-0.40 -0.52
1.68 -1.56
-0.70 1.02
-0.83 0.25
-0.63 -0.34
-0.75 1.16
0.97 -0.05
-1.24 0.77
1.81 -1.64
1.07 -0.68
1.37 -1.14
-0.66 1.04
-0.45 -0.48
1.11 -0.47
-0.22 -0.98
-0.43 0.88
1.67 -1.56
-0.06 -1.08
-0.30 0.69
-0.30 0.49
-0.69 -0.35
-0.62 -0.27
1.37 -1.10
0.86 -0.27
-0.96 0.24
0.84 -0.51
-0.72 1.36
-0.54 -0.38
-1.01 0.36
-0.47 1.07
-1.14 0.50
1.03 -0.57
-0.50 1.13
0.89 -0.19
1.05 -0.66
0.91 -0.46
-1.04 1.66
1.48 -1.17
-0.22 -0.90
-0.67 1.13
-0.63 -0.22
1.52 -1.40
-0.50 -0.05
-1.24 0.62
-0.34 0.60
1.12 -0.87
-0.95 1.46
-0.92 0.31
-0.62 1.20
-0.73 1.37
1.46 -1.34
-1.02 0.44
-1.11 0.45
1.86 -2.15
-0.60 0.94
-0.89 1.58
-0.58 0.70
-0.29 0.75
-0.91 0.26
-1.11 1.98
-0.66 0.07
-0.47 -0.18
1.30 -1.16
0.90 -0.60
1.06 -0.44
-0.58 1.02
-0.35 -0.62
-0.30 0.68
-0.55 1.03
-0.41 -0.99
1.11 -0.18
-0.72 1.39
-1.14 0.74
-0.15 -1.02
-0.93 -0.04
-0.38 0.53
-0.90 1.49
-0.59 1.00
1.53 -1.35
0.17 -0.07
-0.65 1.32
1.00 -0.49
1.24 -0.45
-0.68 -0.29
1.14 -1.25
-0.40 -0.28
-0.60 0.95
-0.63 -0.06
1.42 -1.17
-0.72 0.11
-0.75 -0.08
-0.96 -0.03
1.27 -0.96
1.26 -1.03
-0.27 0.62
0.95 -0.53
-0.96 0.25
-0.61 -0.41
1.33 -1.30
-1.03 0.17
1.14 -0.66
-1.04 2.09
1.79 -1.97
1.27 -0.77
-0.43 0.96
-0.75 1.10
1.18 -0.62
-0.73 -0.00
-0.97 1.67
-0.97 0.40
-1.41 1.17
-0.17 0.84
-0.24 0.44
-0.37 -0.49
-0.10 0.34
-0.67 1.10
-0.53 0.91
-0.79 -0.14
-0.15 -0.95
-0.46 1.05
1.26 -0.66
-0.60 1.27
-0.46 0.75
-0.30 0.69
-0.70 1.25
-0.42 0.65
-0.62 -0.29
-0.85 1.33
-1.33 1.00
-0.90 0.17
1.25 -0.71
1.09 -0.54
0.01 0.35
-0.87 0.32
-1.09 1.86
-1.36 0.72
-0.44 -0.41
1.84 -1.91
-0.70 -0.16
-0.15 -0.98
1.21 -1.22
1.29 -0.99
-0.92 -0.07
1.27 -0.94
-0.81 1.39
1.20 -1.09
-0.76 -0.21
-0.50 -0.83
-0.10 0.40
1.77 -1.39
1.44 -1.28
-0.39 1.05
1.14 -0.82
1.67 -1.65
-0.44 -0.30
1.32 -1.00
-0.59 1.11
2.19 -2.31
-1.08 0.82
1.23 -0.82
1.37 -1.16
1.37 -0.97
-0.46 -0.52
-0.38 -0.40
-0.70 -0.22
-0.22 -1.11
-0.03 0.21
-0.55 -0.41
-0.17 0.70
-1.08 1.70
-0.41 -0.25
-0.44 -0.53
1.34 -1.00
0.86 -0.44
2.90 -3.33
-0.45 0.81
-0.81 1.36
-0.05 0.26
-0.97 0.11
1.27 -1.09
1.66 -1.53
1.64 -1.44
-0.39 0.68
1.34 -1.26
-0.10 0.37
-0.70 0.03
-0.11 0.36
1.13 -0.89
-0.95 0.18
1.28 -0.91
1.87 -1.65
-0.46 -0.43
1.43 -1.15
-1.34 0.81
-0.21 0.48
-0.72 1.21
0.01 0.22
1.84 -1.66
2.37 -2.38
1.17 -0.82
-0.76 0.11
1.78 -1.72
0.89 -0.22
1.04 -0.24
-0.56 1.04
-0.42 -0.35
-1.33 1.00
-1.00 0.35
1.29 -0.97
-0.35 0.75
0.86 -0.40
-0.81 0.00
-0.21 0.78
-0.23 0.48
1.53 -1.12
1.46 -0.93
-0.28 -0.24
1.78 -1.40
-0.89 -0.03
-0.62 -0.24
1.00 -0.58
1.42 -1.30
0.53 0.15
-0.54 1.27
1.39 -1.23
-0.96 1.87
-0.98 1.32
-0.51 1.18
-0.83 0.34
1.47 -1.29
1.23 -0.97
-0.84 0.24
0.03 -1.26
-0.39 0.91
-0.51 -0.63
-0.52 -0.48
-0.30 -0.73
0.79 -0.58
-0.85 0.17
0.01 -1.29
1.23 -0.60
-0.01 0.52
-1.21 0.49
-0.34 0.93
-0.55 -0.63
-0.56 0.83
-1.13 1.94
-0.51 -0.26
-0.35 0.72
-0.60 1.19
-0.30 0.64
-0.69 0.25
-1.17 1.79
-1.33 1.94
-1.51 1.09
-0.04 0.33
0.99 -0.49
-0.60 1.17
1.63 -1.06
-0.43 -0.25
1.16 -1.03
1.12 -0.81
1.01 -0.42
-0.68 0.07
-0.53 0.94
1.54 -1.80
-1.03 0.17
-1.06 0.64
1.19 -0.65
-0.59 1.20
1.29 -1.19
0.66 -0.45
1.59 -1.51
0.93 -0.24
-0.93 0.15
-0.56 1.04
-1.01 1.88
0.92 -0.16
-1.20 0.61
1.54 -1.37
-0.39 -0.70
-0.59 1.27
1.41 -1.43
0.57 -0.11
1.39 -1.20
