0.36 -0.84
0.07 0.28
0.19 -0.29
-1.22 1.30
-1.34 -1.21
-1.21 -1.56
1.25 1.39
-1.30 -0.10
-0.36 -1.26
1.28 1.29
0.85 -1.12
-0.81 -1.03
1.17 -0.08
-1.20 -1.66
-0.76 1.67
-1.62 1.45
-1.52 0.63
-0.51 -0.12
-0.96 -0.52
-0.65 0.75
1.30 -0.28
1.11 -1.65
1.01 0.12
1.17 -0.92
-0.42 0.72
1.22 -0.04
1.22 0.20
1.72 1.43
-0.39 1.61
0.93 0.12
1.72 0.71
-1.05 -1.30
-0.81 0.85
0.19 -0.32
0.91 -1.61
1.10 0.89
-1.10 -0.35
-1.59 -1.65
1.74 -0.01
-0.43 -1.02
1.08 0.74
-1.72 0.97
-1.34 1.58
-0.57 -0.14
-1.71 1.15
-0.65 0.23
1.49 -1.15
1.29 0.03
1.49 1.15
-0.19 -1.39
-1.62 1.33
-0.08 0.60
1.34 -0.64
1.39 -1.60
-0.75 1.11
1.24 1.57
-0.67 1.00
1.70 0.13
-0.85 -1.56
0.91 -1.21
-0.38 -0.63
-0.28 1.44
-0.25 1.46
1.07 -0.70
-0.62 -0.42
0.38 0.63
1.65 1.51
0.40 -1.53
0.17 -0.30
0.17 -1.56
1.73 -1.50
-0.78 -1.44
0.18 -0.48
-0.42 1.03
1.42 -1.12
-0.76 -0.06
-1.33 -0.36
-0.68 1.49
-1.04 0.80
-0.98 0.47
0.30 -0.11
1.11 -0.92
-0.07 1.70
-1.09 0.19
-0.71 -1.27
1.23 0.30
0.29 0.19
-1.08 0.27
-1.41 0.66
-1.55 -1.04
-0.70 -0.73
1.10 -0.70
-1.47 -1.46
-1.21 -0.33
-1.04 -0.88
-1.09 -0.66
0.03 1.66
1.03 -1.10
1.06 0.76
1.42 -0.19
1.29 0.72
-0.78 -0.35
1.19 1.10
-0.87 1.19
1.56 1.34
-0.40 0.18
1.21 0.78
0.74 -0.71
0.40 -1.51
-0.69 -0.99
-0.38 0.86
-0.82 -1.08
1.20 1.47
-0.17 -0.85
-0.85 -0.26
1.06 0.25
0.28 1.68
-1.46 -0.05
-0.06 0.22
-1.14 -1.11
-0.28 0.40
-0.67 0.02
1.70 -1.59
-0.11 -0.06
0.68 -0.77
1.05 -0.31
-1.39 0.48
-1.63 0.78
-1.68 0.37
1.30 0.72
0.44 -0.20
-0.56 -0.41
-0.42 0.14
-1.23 1.35
0.45 -0.40
1.69 1.32
0.38 -0.41
-0.44 -1.46
-0.54 -0.85
0.39 0.79
-0.71 0.19
1.01 0.52
0.86 -0.94
0.48 -0.75
-0.92 -0.76
-0.45 -0.07
-0.93 -0.49
1.39 -1.23
-0.98 -1.48
0.74 0.13
-0.08 -1.58
1.61 1.22
1.13 1.33
0.97 -1.21
1.65 1.53
0.69 -0.69
-1.72 -0.02
0.34 1.74
-1.26 -1.39
-0.24 0.90
-0.54 0.59
1.36 1.05
-1.37 -0.15
-1.59 -1.11
0.95 -1.09
0.22 0.43
-1.18 1.47
-1.52 1.48
-1.33 1.42
-0.45 1.03
-0.36 0.84
1.24 0.12
-0.33 -0.33
-1.53 -1.64
0.86 -0.26
-1.20 1.32
0.49 -0.05
-0.48 -0.50
-0.43 1.37
-0.41 -1.63
-1.22 -0.50
-1.15 1.15
1.74 -0.54
-0.04 -1.53
-1.05 -0.90
-0.38 1.16
-0.34 0.87
0.11 0.60
-1.04 -1.56
-0.87 -1.34
0.72 0.27
1.03 -0.30
-0.82 1.28
0.24 -0.06
1.37 -0.49
-0.30 -0.80
-1.26 0.28
1.48 0.55
0.58 1.27
0.71 -0.40
1.07 -1.27
1.30 0.06
0.17 1.49
0.65 -1.42
-0.85 0.76
-1.40 -0.79
-0.81 0.75
-1.55 -0.50
-0.24 -1.44
-0.13 0.14
1.65 1.32
1.51 -0.76
-1.20 0.51
-1.03 0.33
-1.05 -1.47
-0.17 0.50
-1.40 0.20
-0.21 -0.81
-1.13 -0.88
1.39 -1.58
-1.21 0.10
0.65 -0.28
-0.89 -0.75
0.53 0.77
1.65 0.74
-0.26 -0.85
0.13 0.82
-1.32 -1.49
-0.95 -0.25
0.59 -1.66
0.15 -0.69
-0.56 -0.20
-0.13 -0.31
-1.42 -1.14
-0.01 -0.36
1.74 0.96
0.30 0.20
-1.55 0.64
0.24 0.09
0.94 1.01
-0.97 -1.06
0.57 -0.55
-0.15 -1.54
-0.26 1.56
0.66 1.14
0.45 0.33
1.65 -0.00
1.02 -0.89
-1.37 -1.07
-0.54 -0.10
1.36 0.35
0.51 -0.36
0.60 -0.30
0.39 0.16
-0.66 -1.41
-1.30 0.29
-1.47 -0.13
1.40 0.32
1.67 -0.70
0.53 1.53
-0.51 0.15
1.22 -0.55
-1.69 1.73
-0.31 -1.32
0.83 -0.57
-1.14 -1.28
0.70 1.74
-0.36 0.94
0.55 -0.24
-1.56 -0.28
-1.62 1.60
-0.30 0.31
1.54 0.30
-1.13 1.59
-1.07 -1.25
-0.47 -0.19
1.67 0.22
1.07 0.96
-0.33 -1.44
-1.31 1.74
1.26 -0.50
1.17 1.41
1.48 1.33
-1.08 1.05
-1.53 1.09
0.28 0.84
0.18 0.37
-1.60 -1.59
1.10 -0.69
1.08 0.74
0.24 -1.33
-1.50 -0.37
1.49 -0.91
-0.26 0.52
0.00 -1.61
0.69 1.48
0.36 0.31
1.18 1.18
-1.08 -0.24
1.12 0.84
1.21 -1.25
-0.20 0.75
0.81 -1.45
0.75 0.47
-0.51 -0.64
-1.62 -0.34
-0.66 -0.20
0.74 -1.19
-0.06 1.04
-0.86 1.29
1.52 -1.30
-1.32 0.53
0.07 1.43
1.06 0.04
-1.49 -1.35
-0.17 -0.64
1.55 0.61
-0.79 -0.46
-1.44 -0.83
-0.62 0.52
-1.13 0.65
-1.32 1.39
0.45 0.30
-1.07 0.87
-0.91 1.06
0.98 1.55
0.99 -0.43
0.05 0.47
-0.80 1.07
-0.58 -1.24
-1.52 0.59
-0.81 1.25
0.96 -1.30
0.20 1.65
1.16 1.32
-0.81 0.81
-0.54 1.17
-1.37 0.67
0.52 -0.79
0.47 1.45
0.41 -1.06
-0.66 -0.48
-0.64 0.67
1.58 0.05
1.02 1.57
-0.42 -1.53
0.89 0.84
-0.67 -0.76
0.72 -1.15
1.21 1.28
0.24 -0.94
1.57 -0.88
-0.65 -0.17
0.08 -0.12
-1.72 1.28
-1.64 1.35
1.13 1.54
-0.63 -1.07
-1.54 0.68
-1.18 -1.11
-0.92 -0.73
-0.98 0.40
0.05 0.55
0.51 1.26
-1.60 0.23
-0.38 1.03
-0.93 0.41
-0.79 -0.88
-0.59 -1.47
0.87 1.35
-1.67 0.56
0.23 1.43
0.66 -0.25
0.28 -1.25
-1.16 -0.92
-0.05 -0.77
-1.38 0.10
0.70 -1.36
0.81 -1.61
0.70 1.60
-0.14 -1.47
-0.74 -1.18
0.02 -1.07
1.74 -0.24
-0.38 -1.47
0.35 -1.26
-0.82 -0.66
-1.38 1.17
-1.34 -0.03
-0.72 -0.88
-0.95 0.62
1.03 -0.28
-0.62 0.83
-0.79 1.31
-0.70 -1.52
-0.09 -0.66
-0.11 -0.69
1.70 1.67
0.42 1.44
-0.64 1.03
0.93 -0.47
0.78 -1.37
-0.92 -0.97
0.45 -1.00
-0.74 -0.75
1.55 1.58
1.16 -0.13
-0.02 -0.40
-0.12 -1.21
-0.78 -1.05
1.34 0.69
-1.26 -0.21
-0.59 -1.64
0.84 -0.17
-0.47 -1.06
-0.03 -0.76
0.04 -0.83
-0.71 -0.23
0.40 1.22
-0.76 -0.56
0.51 1.74
-0.92 -0.93
1.12 1.06
-0.58 -1.64
-0.23 0.18
0.92 0.59
0.61 1.08
0.97 -0.06
-1.36 1.12
0.37 -1.58
1.01 -0.34
-0.63 0.09
0.61 1.50
-1.63 -0.64
-1.58 1.22
0.72 -0.76
0.95 0.49
0.57 0.90
-1.17 0.38
0.07 -0.52
0.81 -0.19
-0.09 -0.97
0.84 -1.66
0.00 0.16
-0.80 -1.11
-0.52 -1.33
0.78 0.31
-1.58 1.60
0.96 1.67
0.51 1.56
1.07 -0.63
0.89 -1.27
0.03 1.45
0.10 1.58
-0.40 0.12
0.25 1.62
0.73 0.36
-1.50 -0.92
-1.30 0.07
1.72 1.20
-0.03 0.08
-1.58 1.19
-0.40 -1.60
1.49 -0.17
0.62 0.17
1.02 1.63
0.43 -1.29
0.32 -1.58
-0.53 -1.44
-0.73 1.41
-0.99 1.01
-0.35 -0.42
1.21 -0.27
1.69 -1.01
1.33 -0.76
0.20 -1.28
-1.56 -0.41
-1.10 -0.01
-0.88 -1.56
0.77 -0.54
-1.13 1.58
-0.03 0.25
1.62 -1.29
-1.09 0.76
0.22 -0.26
-1.34 0.32
-0.19 0.62
-0.68 -0.30
-0.66 -1.00
0.04 1.17
-1.61 -0.02
0.89 0.50
1.72 -1.50
-1.16 -0.59
-1.70 0.10
0.50 -0.25
-0.28 1.34
0.40 -0.78
-0.61 -1.00
-0.81 0.62
0.49 -0.79
0.15 1.28
-0.79 -1.61
-0.77 1.56
-1.65 -1.27
-1.12 0.75
1.68 0.34
-1.42 -0.11
1.00 -1.08
-0.70 0.61
-0.62 0.82
1.04 1.18
0.19 -0.39
0.42 -1.05
-1.01 1.13
1.11 -0.29
-0.10 -0.21
-0.15 -0.91
-0.97 1.18
0.59 1.68
-1.17 1.50
0.93 0.13
0.54 1.20
0.11 0.54
1.67 0.79
-1.45 0.78
1.66 -0.34
-1.57 0.82
-0.65 1.48
-1.09 -0.39
-1.64 -0.18
-1.07 0.37
0.87 -0.73
-1.26 -1.28
-0.84 1.17
-0.22 -1.03
-0.74 -0.49
-1.02 0.17
0.25 1.00
0.69 -0.84
-1.18 1.43
1.14 -1.67
-1.64 -0.01
1.19 1.50
-1.05 1.10
-0.28 0.56
-0.63 -1.26
0.73 -0.63
-1.62 1.65
-0.24 -1.35
1.10 1.24
-0.68 0.66
-1.31 -0.36
-0.96 -0.85
1.63 -1.57
0.19 0.50
-0.57 -0.85
1.04 -1.10
0.53 1.76
1.19 -0.23
0.64 0.34
0.54 -0.62
0.03 -1.43
-0.92 -0.31
-1.18 -1.14
-1.11 0.21
-0.15 0.45
1.68 0.40
-0.94 -0.78
-1.04 0.99
0.00 -1.30
1.31 -0.33
0.39 1.67
0.30 0.06
1.43 1.40
-0.14 0.66
0.63 -0.67
-1.16 0.27
-1.60 1.15
0.92 0.75
1.50 1.62
-0.10 0.64
1.66 1.25
0.55 -0.18
0.85 -1.49
-1.64 0.91
-1.28 1.11
-0.35 1.59
-1.50 0.04
-0.79 -1.34
0.15 -1.67
-0.99 -0.13
-0.52 1.29
-0.73 -0.58
1.44 -1.10
0.44 -0.33
-1.50 1.06
1.74 -0.23
0.35 1.20
1.00 0.05
-0.74 -0.82
1.29 -1.43
0.33 -0.00
-0.02 1.09
-1.20 1.72
-0.63 1.16
-1.15 0.93
0.62 1.05
1.75 0.67
0.07 0.72
0.91 -0.10
-0.93 -0.94
-1.65 0.93
-0.51 0.93
-1.27 0.63
-1.58 0.36
-1.64 0.71
1.03 -0.27
-0.49 -0.89
1.24 -0.08
0.90 0.45
-1.22 -1.11
-0.81 1.27
-0.60 1.38
0.46 0.75
-0.75 -1.53
-0.15 0.52
-0.56 1.60
0.49 1.74
1.06 0.07
-1.15 0.55
-1.20 -0.29
-0.01 0.01
-0.86 -1.61
0.20 -0.13
-1.50 0.09
-1.33 1.73
0.85 -0.44
1.19 -1.34
1.32 0.58
-1.44 -0.18
0.35 0.46
0.84 0.58
0.51 1.14
-1.65 1.62
-0.23 -0.71
-0.02 1.55
1.47 1.13
-0.95 -0.71
1.16 0.56
-0.87 1.31
1.42 0.50
1.70 0.21
1.26 -0.65
1.58 -0.44
-1.38 -1.16
0.48 0.92
-1.54 -0.07
1.00 0.13
-0.27 -1.08
-1.33 -0.54
-0.74 -0.42
-1.46 -0.91
0.07 1.73
-0.28 -0.27
-0.74 0.23
1.26 0.62
1.74 1.57
1.20 -1.55
0.90 0.43
0.87 1.68
-0.96 -0.45
0.19 -0.53
1.28 0.18
-1.71 1.45
0.09 0.68
0.04 0.43
1.68 -0.17
0.70 1.27
-1.36 0.31
-0.13 1.73
1.53 -1.05
-1.39 -0.13
-1.66 0.02
0.84 1.36
1.62 1.47
1.45 -0.54
-0.38 1.12
-0.10 -1.17
-0.15 -0.42
-1.43 -0.48
1.61 1.51
1.64 0.28
-1.36 -0.91
-1.08 -1.04
1.36 -0.99
-0.41 -1.37
-1.60 1.58
0.92 -0.19
-1.14 1.69
-0.22 0.19
-1.46 -0.73
-0.81 -1.21
1.38 -1.02
-1.62 1.71
1.54 0.80
1.20 -1.15
-1.45 1.29
-0.48 -0.58
0.67 0.92
0.41 -1.36
-0.46 -1.65
-1.39 0.82
-0.78 -1.14
1.68 1.14
0.64 -0.57
-1.14 1.12
1.49 1.29
-0.85 -1.39
0.03 0.98
1.69 1.47
-1.61 -1.62
0.47 -1.25
0.38 -1.66
0.85 -0.36
0.91 0.70
-0.07 0.06
-1.41 0.55
0.50 1.12
-1.55 -1.05
0.58 0.21
-0.28 -1.60
1.17 -0.69
-0.46 -0.12
0.17 -0.86
0.01 1.50
-1.02 0.21
1.66 -0.04
1.42 -1.56
0.09 -1.68
-0.78 1.47
-0.28 -0.09
-0.32 0.86
-0.34 0.07
-1.50 0.77
0.13 1.67
1.30 -0.50
-0.43 0.59
-0.13 0.22
1.65 -1.38
0.34 0.65
-0.96 0.33
0.97 -0.71
1.67 -1.24
-0.08 0.82
-0.20 0.08
-0.08 -1.51
-0.61 -1.41
0.92 -0.04
-0.31 0.93
0.56 -0.27
-1.26 -0.03
-1.06 -0.25
1.33 -0.74
-0.22 -1.59
1.38 -1.42
0.48 1.66
1.45 -1.59
-0.79 -1.32
-0.32 -0.13
-1.14 0.98
-0.51 -0.32
-0.69 -0.70
-0.27 -0.28
0.06 0.75
-1.34 -1.37
-1.19 -1.36
-1.16 -1.59
1.15 1.07
-1.64 -0.57
0.45 -1.16
-1.13 -1.46
-1.18 0.54
0.46 -0.77
-0.83 -0.26
-0.06 1.48
0.63 -0.59
0.93 -0.16
0.32 0.57
-0.60 0.04
-1.37 1.23
1.58 1.42
-1.57 1.25
1.20 -1.24
0.78 -1.51
1.10 1.08
1.64 -0.20
0.00 -0.20
0.05 1.12
1.29 -1.64
0.60 0.46
0.40 0.90
0.82 -1.32
0.74 1.17
-1.68 -0.59
-1.03 -1.63
1.29 0.16
0.84 -0.94
-1.29 -1.16
1.21 -0.80
0.42 -0.47
-0.20 1.26
0.83 -0.53
1.39 -0.60
0.88 1.03
-0.47 0.12
-0.13 0.46
0.81 1.46
0.30 1.42
1.72 0.19
-0.85 0.53
0.81 0.55
-1.53 -1.04
-0.90 -0.85
1.54 0.61
-0.92 -1.12
-1.56 -0.72
-0.56 -0.72
0.78 0.26
-1.37 0.55
-0.65 0.87
-0.03 -1.21
-1.09 0.21
-0.74 -0.37
1.00 0.23
1.32 0.68
-1.19 -1.35
0.51 0.16
0.83 0.22
1.71 1.70
-0.78 1.04
0.94 1.21
-0.26 1.51
-0.42 0.77
0.37 -0.44
-0.93 0.67
1.41 -0.32
-1.39 -0.72
-0.33 -0.29
0.49 -1.30
-1.33 -1.09
-1.15 -1.09
-1.71 -0.75
0.24 1.73
-0.30 1.23
-1.00 1.55
-1.67 -1.60
-0.47 1.33
0.24 -1.57
1.19 -1.13
-0.42 -1.40
1.51 -1.67
1.33 -1.11
-1.02 -0.93
-1.23 -1.20
1.30 -0.25
-0.47 -0.85
1.42 0.33
-0.53 -1.01
1.45 -0.99
-1.50 0.48
-0.76 -1.08
0.38 -0.12
-1.18 0.29
0.59 0.70
-0.85 0.10
-0.55 1.51
-0.05 0.28
0.12 1.75
1.39 1.72
-0.89 -0.03
-0.15 0.73
0.79 -0.25
0.10 -0.09
0.93 0.01
0.63 1.15
0.63 -0.44
-0.06 -0.08
1.61 -0.19
1.45 1.45
0.87 -1.00
-0.25 0.53
-0.83 -1.14
-0.05 0.38
0.52 0.42
-0.71 -0.49
-0.39 -0.99
-1.01 -0.11
-1.28 -1.31
0.03 -1.53
-0.33 0.89
1.66 0.03
-0.83 0.48
-1.22 1.52
0.90 -1.17
-1.39 1.51
1.60 -0.83
-1.13 0.69
1.73 -0.80
-0.47 -0.45
-0.11 -0.79
0.22 1.18
-0.33 -0.73
1.52 0.20
-0.92 -0.49
0.02 -1.39
-1.61 0.76
0.85 -0.07
1.28 0.34
0.91 1.54
1.02 -0.62
-1.31 -1.56
-0.37 -1.67
0.84 -0.13
0.82 0.03
-1.67 1.32
1.47 0.38
0.70 -1.48
0.69 -1.40
-0.61 -0.66
1.20 -0.10
-1.51 -0.86
-0.18 1.58
-0.89 0.98
-1.12 0.52
-0.94 0.97
0.16 1.39
-1.35 -1.04
0.94 -0.53
-1.48 0.73
-1.25 -1.28
0.02 -0.27
-1.12 0.62
-0.28 0.67
-0.40 1.16
0.27 1.11
0.45 -0.44
-0.38 1.10
-1.62 -1.10
0.46 0.87
1.24 0.97
1.68 1.48
-0.26 1.03
-0.70 1.51
1.74 0.84
-0.56 1.63
-1.58 -0.28
0.05 0.08
-0.94 -0.30
0.75 0.99
0.77 -1.64
0.62 -0.86
0.52 -0.38
0.27 -0.92
0.63 1.42
-0.56 -1.47
1.54 0.20
1.16 1.57
1.31 0.10
1.67 -0.18
-0.86 1.31
1.34 -1.49
0.83 -0.54
1.26 -0.85
0.29 -1.24
1.34 -1.22
0.53 -0.91
0.90 -1.06
0.91 0.05
0.74 0.10
0.21 0.39
-0.93 0.29
-0.81 -0.66
0.01 -0.91
0.43 -0.66
-1.08 1.41
-0.21 1.56
-0.28 -1.66
-1.03 1.19
-0.47 1.23
-0.38 -0.67
1.06 -1.44
1.32 -0.24
-0.58 -0.93
0.34 1.58
-0.50 -0.90
-0.86 -1.38
-0.90 0.53
0.75 -0.25
1.55 -1.12
0.76 -0.29
-0.89 -1.02
-1.14 1.68
-0.37 0.41
-0.22 1.11
0.91 -1.53
0.50 1.65
1.23 -0.67
0.40 -0.14
0.31 0.25
0.82 -0.59
-0.22 0.31
-1.70 -0.76
-0.04 -1.07
0.77 -1.33
0.79 1.15
0.66 1.47
0.75 -0.93
1.13 -0.85
1.16 0.34
0.06 0.31
-0.36 -0.76
-0.13 -1.22
0.43 0.19
0.61 0.51
1.48 0.09
-1.68 1.35
-1.30 0.82
-1.04 -1.27
1.59 -1.57
-1.62 -0.15
0.31 -1.08
0.79 1.55
0.01 -1.27
1.21 1.56
1.17 0.26
1.19 -0.39
0.01 -1.41
-0.60 1.47
1.24 0.36
1.42 -0.22
1.53 1.57
0.25 -1.52
1.35 1.45
1.55 -0.06
-0.71 -1.39
1.33 0.80
1.06 0.96
1.11 -1.31
-0.55 1.12
0.83 0.95
0.91 -1.46
1.14 -1.40
1.13 -0.60
-0.99 -1.02
-1.46 0.03
1.00 0.55
1.72 0.97
0.81 -0.27
-1.31 -0.38
1.26 -0.53
-1.30 0.14
0.39 -1.29
0.94 0.06
0.31 -1.56
-0.98 -0.17
-1.36 0.83
-0.97 -0.45
-1.61 -0.82
1.22 0.15
0.82 -0.98
-1.04 0.32
-1.06 -1.01
-1.38 0.93
-1.42 1.38
1.30 -1.14
1.64 -0.52
1.36 -1.44
-1.23 -0.17
-1.56 -0.76
0.36 -1.24
-1.29 -0.31
-1.37 0.56
1.02 -0.06
-1.50 0.42
-0.89 -0.38
-1.06 0.52
1.12 1.27
0.96 0.19
0.21 -0.99
-1.67 0.24
0.70 -0.33
0.51 -0.57
-0.50 -0.38
1.22 -0.99
1.64 -0.79
-0.02 -0.81
-0.07 -0.31
-0.42 -0.66
-1.65 1.10
-0.16 -0.80
-1.07 -1.15
1.57 0.37
-0.81 -0.79
1.73 0.53
-1.16 1.06
-0.21 0.62
0.32 -1.20
-1.30 0.91
-0.89 0.77
-1.65 1.68
0.01 -0.21
1.04 -0.28
0.66 -1.61
1.46 0.20
0.81 1.56
-0.26 -1.33
-1.61 -0.06
0.27 -0.48
-0.03 -1.26
-1.16 1.43
-1.11 0.16
-0.59 1.58
-1.39 -0.90
-0.69 -0.45
-1.39 -1.16
1.28 -0.03
-1.17 1.47
0.79 -0.82
1.32 0.86
1.73 -1.42
0.43 -0.79
-1.20 -0.69
0.80 0.48
-0.64 -1.33
-1.30 0.41
-0.07 -0.41
-1.39 0.01
-0.81 1.32
0.69 -0.25
1.47 0.24
1.16 0.36
1.55 -1.39
0.98 -1.55
-1.35 1.10
0.80 0.36
1.46 -0.33
-1.71 -1.45
0.79 -0.80
0.31 -0.18
-0.92 0.87
-1.62 0.68
0.88 -1.41
-0.75 1.50
-0.11 0.32
0.96 1.26
-1.37 0.15
-1.01 0.70
1.56 -1.53
0.52 0.52
-0.28 0.47
-0.37 1.72
-0.06 1.16
1.50 0.87
0.62 0.74
-1.28 -0.75
-0.14 -0.23
-1.16 -0.58
0.76 -1.51
0.47 -0.43
1.52 -0.69
1.64 1.25
-0.99 1.40
-0.65 -0.17
-0.22 -1.13
0.05 -1.51
1.64 -0.24
1.17 -0.63
-0.73 0.39
0.96 -0.56
0.83 -1.33
-1.47 -1.38
-0.74 0.11
-0.68 -0.66
0.02 -1.55
1.16 0.27
-1.32 1.68
-0.72 -0.89
1.29 0.89
-0.01 1.34
-0.12 -1.60
0.78 -0.78
-0.60 1.52
0.44 0.94
0.13 0.35
0.94 1.57
0.74 -1.60
-0.48 0.98
-1.61 1.35
0.61 -0.87
-0.21 -1.59
-1.48 0.21
-0.94 -1.08
1.56 0.56
-1.57 -0.67
-1.09 1.62
-0.66 0.41
0.08 1.44
-1.71 -0.57
-1.12 1.01
-0.37 1.20
0.11 1.59
-0.19 -0.48
0.83 -1.06
0.50 -1.49
0.80 0.98
-1.27 1.36
-1.41 0.88
1.45 0.53
0.25 0.79
-0.96 -0.65
1.17 -1.38
0.32 1.36
-1.44 -1.11
-1.37 -1.33
1.06 0.47
-0.95 -0.21
0.28 0.72
-0.48 -0.45
-0.36 -1.13
-1.58 0.45
-0.13 -0.72
-0.17 -1.37
-0.38 0.44
1.51 0.03
-0.87 -0.16
-0.98 1.44
1.51 -1.51
0.87 -0.18
1.14 0.34
-0.64 -1.61
1.33 0.36
-0.69 -1.30
0.20 0.73
0.43 -1.64
1.37 -0.19
-1.47 0.76
-0.08 -0.36
0.19 -0.57
-0.90 1.44
1.07 -0.54
-0.72 0.92
0.96 -1.67
1.23 -0.15
-1.39 0.45
-0.61 1.52
1.07 -1.11
0.96 -0.82
-0.73 1.70
-1.33 0.88
0.86 -0.97
1.34 -1.39
0.77 -1.69
0.74 0.44
-0.41 0.55
0.59 0.42
-1.02 -0.63
1.31 1.19
-0.56 1.72
1.56 0.77
-1.01 -0.89
-0.07 -1.44
1.39 -0.28
-0.48 -0.13
1.48 1.45
-0.83 0.20
-0.22 -1.54
0.10 0.96
0.96 0.84
-1.02 -1.44
-1.14 -1.66
0.90 -0.99
-0.21 -1.37
0.15 -0.28
-0.78 1.59
-0.65 0.62
1.62 0.72
0.66 1.01
0.53 -0.28
-0.91 1.61
0.52 -1.67
-0.42 -1.55
1.25 -0.93
0.15 -1.00
0.49 0.56
0.93 0.12
1.17 0.94
0.07 1.25
-1.30 -1.21
1.71 -1.24
0.47 0.51
-0.38 -0.19
0.07 -0.05
0.47 -1.47
-0.93 0.26
0.23 -0.86
-1.40 -0.97
0.11 -0.37
-0.70 -1.53
-1.54 1.11
0.18 1.53
-0.87 -1.21
-1.62 0.36
0.34 -0.95
-0.31 -1.28
-1.21 0.49
-0.63 -0.65
0.36 -0.84
-1.67 -0.64
1.31 1.33
1.47 -1.03
0.60 0.01
-0.81 0.53
0.39 -1.19
0.92 1.45
-0.65 -1.35
-0.46 1.24
-0.12 0.94
0.31 1.68
0.21 1.01
-0.39 -0.14
-0.79 -0.82
0.20 0.62
-1.60 -1.56
-1.63 0.15
0.30 0.20
-0.04 0.24
-0.68 1.46
1.23 0.04
0.40 0.41
-0.89 -1.14
1.37 -0.34
1.43 0.70
0.82 -1.06
1.36 1.05
-1.52 1.41
0.17 0.71
1.15 -0.90
-0.53 1.09
-0.44 0.56
1.12 0.98
0.38 1.50
-0.69 -0.21
0.96 0.94
0.57 -1.26
0.28 1.64
-0.81 -1.46
-1.67 0.39
-1.54 1.50
1.35 1.42
0.53 -1.59
0.23 -1.43
-1.44 -1.50
-1.30 0.13
0.24 0.99
1.00 -0.66
-0.18 0.06
-1.71 1.34
0.00 0.31
-0.92 0.99
-0.47 0.67
0.07 1.22
0.12 1.22
-0.58 -0.48
0.74 0.69
-1.34 -0.63
-1.28 -0.89
-0.43 1.69
-0.44 -0.15
-1.46 -0.41
-0.67 -0.43
-1.31 0.58
-1.46 0.71
-0.91 0.71
-0.17 1.62
-0.37 1.13
1.54 -1.56
0.36 -0.80
-0.91 0.07
1.54 -1.48
1.61 1.09
1.40 -1.52
-0.68 -1.27
-0.33 -1.09
-1.49 0.54
0.13 1.35
-1.18 -0.49
0.30 -1.41
1.37 1.64
0.14 1.17
-0.02 -1.36
-0.33 0.12
0.82 -1.23
-0.20 0.71
0.47 -1.40
-0.56 -1.53
-1.21 -0.97
-0.28 0.04
1.13 0.99
0.01 -0.63
-1.26 1.36
-0.14 0.44
0.69 0.88
1.14 0.00
-0.22 0.91
-0.47 -1.51
1.11 0.56
-0.13 1.69
0.62 -1.23
-0.51 0.15
1.03 1.25
0.33 -1.43
-0.42 -0.53
1.33 -1.16
-0.81 -1.53
-0.11 -1.14
1.67 -0.20
1.42 -0.99
0.26 0.87
1.04 0.60
1.75 0.78
0.40 1.33
0.77 -1.24
0.95 -1.17
-1.21 -0.69
0.87 0.32
-0.52 1.07
-1.40 -0.67
1.22 -0.44
-0.59 0.15
1.43 1.63
-1.45 1.58
1.61 -0.49
-1.66 -0.48
0.95 -1.27
-0.88 -1.28
-1.61 1.20
0.35 1.33
-1.30 0.66
0.27 1.20
-0.06 -0.70
0.04 -0.05
0.66 1.57
-0.45 0.28
-0.49 0.23
1.45 -0.56
1.51 0.96
0.80 1.09
0.16 -0.98
1.71 -0.72
-0.74 0.13
-0.30 -1.39
-0.13 -0.52
1.45 1.39
0.38 0.77
0.32 -0.90
0.90 -0.76
-0.45 1.22
-0.46 -1.53
-1.64 0.83
-1.57 1.75
1.72 -0.24
-0.87 1.10
0.81 1.55
-0.97 1.58
0.35 0.22
0.44 -0.76
-0.44 1.36
0.56 1.29
-0.73 -1.44
-1.26 -0.80
-0.01 -1.03
0.63 0.99
0.75 0.82
0.26 0.88
1.35 0.51
1.55 0.24
0.59 -0.05
0.19 0.91
1.74 -1.53
0.17 -0.28
1.50 -1.16
1.14 -1.24
0.96 1.39
0.87 1.59
0.36 -0.72
1.29 0.90
1.19 0.13
1.20 -1.30
1.47 -0.91
