Data for 4 Features
dataAffProp_depth
[[  4.           5.           0.56344109]
 [  6.           2.           0.56811594]
 [  8.           5.           0.56439696]
 [ 10.           4.           0.55688739]
 [ 12.           3.           0.52331638]
 [ 15.           4.           0.56693716]
 [ 20.           3.           0.7419782 ]]
dataDBSCAN_depth
[[  4.           3.           0.0341623 ]
 [  6.           3.           0.03706083]
 [  8.           3.           0.0341623 ]
 [ 10.           3.           0.07328667]
 [ 12.           3.           0.03990232]
 [ 15.           3.           0.0242598 ]
 [ 20.           2.           0.04168523]]
dataAggClust_depth
[[  4.00000000e+00   3.00000000e+00   1.47124813e-03]
 [  6.00000000e+00   5.00000000e+00   2.54708685e-03]
 [  8.00000000e+00   4.00000000e+00   2.22198151e-03]
 [  1.00000000e+01   6.00000000e+00   3.60582034e-03]
 [  1.20000000e+01   5.00000000e+00   1.78043258e-03]
 [  1.50000000e+01   5.00000000e+00   2.88798774e-03]
 [  2.00000000e+01   6.00000000e+00   3.60582034e-03]]
dataAffProp_kvalue
[[  1.00000000e+01   3.20000000e+01   1.03314172e-01]
 [  1.50000000e+01   2.70000000e+01   1.27836336e-01]
 [  2.00000000e+01   2.40000000e+01   1.68553183e-01]
 [  3.00000000e+01   1.80000000e+01   1.87878254e-01]
 [  6.00000000e+01   1.40000000e+01   2.79646836e-01]
 [  9.00000000e+01   8.00000000e+00   5.89927727e-01]
 [  1.20000000e+02   4.00000000e+00   5.69850634e-01]
 [  1.50000000e+02   4.00000000e+00   5.44970769e-01]]
dataDBSCAN_kvalue
[[  1.00000000e+01   1.00000000e+00   0.00000000e+00]
 [  1.50000000e+01   1.00000000e+00   0.00000000e+00]
 [  2.00000000e+01   1.00000000e+00   0.00000000e+00]
 [  3.00000000e+01   1.00000000e+00   0.00000000e+00]
 [  6.00000000e+01   1.00000000e+00   0.00000000e+00]
 [  9.00000000e+01   2.00000000e+00   3.62843386e-04]
 [  1.20000000e+02   3.00000000e+00   2.42597973e-02]
 [  1.50000000e+02   3.00000000e+00   1.05804393e-02]]
dataAggClust_kvalue
[[  1.00000000e+01   3.00000000e+00  -1.01398533e-02]
 [  1.50000000e+01   3.00000000e+00  -1.26144032e-02]
 [  2.00000000e+01   3.00000000e+00  -7.59046716e-03]
 [  3.00000000e+01   3.00000000e+00  -8.82409031e-03]
 [  6.00000000e+01   3.00000000e+00  -1.80295233e-03]
 [  9.00000000e+01   3.00000000e+00  -1.08483220e-03]
 [  1.20000000e+02   1.20000000e+01   2.98706179e-03]
 [  1.50000000e+02   5.00000000e+00   1.42839580e-03]]


dataMini_depth

[[  4.           3.           0.74240643]
 [  6.           3.           0.74169192]
 [  8.           3.           0.71398039]
 [ 10.           3.           0.72754286]
 [ 12.           3.           0.72754286]
 [ 15.           3.           0.70078367]
 [ 20.           3.           0.72754286]]
dataKmeans_depth)
[[  4.           3.           0.71398039]
 [  6.           3.           0.72754286]
 [  8.           3.           0.71398039]
 [ 10.           3.           0.72754286]
 [ 12.           3.           0.71398039]
 [ 15.           3.           0.70078367]
 [ 20.           3.           0.77086554]]
dataGMM_depth)
[[  4.           5.           0.63465929]
 [  6.           5.           0.63160261]
 [  8.           5.           0.63465929]
 [ 10.           5.           0.64442617]
 [ 12.           4.           0.64981769]
 [ 15.           3.           0.71398039]
 [ 20.           4.           0.65755725]]
dataMini_kvalue)
[[  10.            3.            0.72754286]
 [  15.            3.            0.72754286]
 [  20.            3.            0.72761846]
 [  30.            3.            0.7008667 ]
 [  60.            3.            0.71398039]
 [  90.            3.            0.67564626]
 [ 120.            2.            0.56811594]]
dataKmeans_kvalue)
[[  10.            3.            0.72754286]
 [  15.            3.            0.71398039]
 [  20.            3.            0.72754286]
 [  30.            3.            0.71398039]
 [  60.            3.            0.71398039]
 [  90.            3.            0.67564626]
 [ 120.            2.            0.56811594]]
dataGMM_kvalue
[[  10.            3.            0.75619448]
 [  15.            5.            0.63851473]
 [  20.            4.            0.62444504]
 [  30.            5.            0.62818933]
 [  60.            3.            0.71398039]
 [  90.            3.            0.64120502]
 [ 120.            3.            0.44552017]]
dataMini_dim
[[  2.           3.           0.77200388]
 [  3.           4.           0.63015352]
 [  4.           3.           0.6170445 ]
 [  5.           3.           0.90371416]
 [  7.           5.           0.65264048]
 [ 10.           6.           0.56511592]]
dataKmeans_dim
[[  2.           3.           0.74169192]
 [  3.           4.           0.59859503]
 [  4.           4.           0.60478117]
 [  5.           3.           0.90371416]
 [  7.           4.           0.57326568]
 [ 10.           8.           0.42522673]]
dataGMM_dim

[[  2.           4.           0.64930255]
 [  3.           3.           0.68130728]
 [  4.           4.           0.62059808]
 [  5.           4.           0.6781997 ]
 [  7.           4.           0.80672794]
 [ 10.           3.           0.69563625]]
